10000
4
3
0.225991 0.393939 0.38007 
0.268962 0.180383 0.550655 
0.162221 0.656435 0.181344 
0.318407 0.107009 0.574584 
0.227647 0.400814 0.371539 
0.274593 0.186809 0.538598 
0.159449 0.654501 0.18605 
0.3266 0.105723 0.567677 
0.239656 0.406427 0.353917 
0.269267 0.177635 0.553099 
0.164076 0.63609 0.199833 
0.329353 0.103611 0.567036 
0.230186 0.39753 0.372284 
0.270604 0.180913 0.548483 
0.171095 0.622705 0.2062 
0.331112 0.0988236 0.570064 
0.23129 0.376618 0.392093 
0.285631 0.183931 0.530438 
0.167744 0.630095 0.202161 
0.318083 0.0965305 0.585386 
0.219649 0.382321 0.39803 
0.297607 0.18536 0.517033 
0.167763 0.624463 0.207774 
0.309065 0.0989319 0.592003 
0.221673 0.381329 0.396998 
0.290789 0.17812 0.531091 
0.165305 0.629965 0.20473 
0.302658 0.0979633 0.599379 
0.232985 0.356655 0.41036 
0.288487 0.163124 0.548389 
0.174559 0.601923 0.223518 
0.307119 0.0973365 0.595544 
0.225571 0.365612 0.408817 
0.285853 0.161634 0.552513 
0.182344 0.591243 0.226413 
0.314452 0.0949896 0.590559 
0.220074 0.362232 0.417694 
0.293739 0.157118 0.549143 
0.179153 0.5956 0.225248 
0.316993 0.0946375 0.588369 
0.220074 0.362232 0.417694 
0.29526 0.152754 0.551986 
0.186309 0.579445 0.234246 
0.325464 0.095788 0.578748 
0.229321 0.350976 0.419703 
0.2926 0.154598 0.552802 
0.184386 0.586349 0.229265 
0.336136 0.095288 0.568576 
0.224933 0.352975 0.422093 
0.304927 0.163274 0.531799 
0.192754 0.567576 0.23967 
0.342863 0.0943225 0.562814 
0.226656 0.35568 0.417664 
0.322351 0.163276 0.514372 
0.194885 0.567843 0.237272 
0.353803 0.0937497 0.552447 
0.235932 0.346358 0.41771 
0.329109 0.161648 0.509243 
0.202824 0.550237 0.246939 
0.374102 0.0973425 0.528555 
0.237278 0.333191 0.429532 
0.338544 0.161243 0.500213 
0.203973 0.542914 0.253113 
0.378013 0.0967343 0.525253 
0.236957 0.328334 0.434709 
0.340905 0.160668 0.498428 
0.200861 0.556447 0.242692 
0.378978 0.0944292 0.526593 
0.245456 0.335286 0.419258 
0.340389 0.166654 0.492957 
0.216261 0.545724 0.238015 
0.378574 0.0878257 0.533601 
0.24362 0.340256 0.416123 
0.338301 0.171766 0.489933 
0.213903 0.550678 0.235419 
0.381808 0.088576 0.529616 
0.253755 0.318553 0.427692 
0.335751 0.170471 0.493778 
0.22139 0.547605 0.231005 
0.386582 0.092283 0.521135 
0.250498 0.327298 0.422204 
0.338169 0.164496 0.497335 
0.225936 0.541915 0.232149 
0.398599 0.0925915 0.50881 
0.255035 0.328139 0.416826 
0.336191 0.163533 0.500276 
0.220915 0.541779 0.237306 
0.384616 0.0927575 0.522626 
0.257277 0.327152 0.415572 
0.336191 0.163533 0.500276 
0.212767 0.554062 0.233171 
0.386078 0.0893101 0.524612 
0.256029 0.31088 0.433091 
0.339926 0.163783 0.496291 
0.22461 0.529241 0.246149 
0.380339 0.0871072 0.532553 
0.252321 0.291436 0.456243 
0.343226 0.161527 0.495247 
0.227108 0.527536 0.245356 
0.390118 0.0873831 0.522499 
0.256637 0.288072 0.455291 
0.361709 0.159247 0.479044 
0.220602 0.535714 0.243684 
0.394307 0.0856453 0.520048 
0.25284 0.289543 0.457617 
0.368943 0.160415 0.470642 
0.231454 0.508578 0.259968 
0.398134 0.0832937 0.518572 
0.245728 0.288098 0.466174 
0.357189 0.149214 0.493597 
0.239303 0.491913 0.268784 
0.39266 0.0834735 0.523866 
0.254035 0.297837 0.448128 
0.369473 0.152883 0.477644 
0.235215 0.491637 0.273147 
0.388226 0.0833604 0.528413 
0.263092 0.297441 0.439468 
0.376813 0.153983 0.469204 
0.253796 0.470487 0.275717 
0.397486 0.0808179 0.521696 
0.267679 0.295589 0.436732 
0.382933 0.145819 0.471248 
0.249362 0.462267 0.288371 
0.416759 0.0811816 0.50206 
0.27292 0.296395 0.430685 
0.381137 0.143077 0.475786 
0.252071 0.456424 0.291505 
0.432346 0.0850239 0.48263 
0.274427 0.287063 0.43851 
0.382619 0.145332 0.472049 
0.249197 0.444331 0.306472 
0.442873 0.0842387 0.472889 
0.279891 0.284901 0.435208 
0.38742 0.139612 0.472968 
0.261878 0.436826 0.301296 
0.462472 0.0842763 0.453252 
0.285799 0.285674 0.428526 
0.397312 0.138282 0.464407 
0.287648 0.404222 0.30813 
0.449337 0.0818826 0.468781 
0.286305 0.278649 0.435046 
0.401214 0.141396 0.457389 
0.304148 0.391058 0.304794 
0.44733 0.0859826 0.466687 
0.292445 0.274149 0.433405 
0.414064 0.140864 0.445072 
0.306435 0.369884 0.323681 
0.42522 0.0845031 0.490277 
0.297043 0.278459 0.424498 
0.430522 0.137814 0.431664 
0.306212 0.374932 0.318857 
0.422168 0.0849519 0.49288 
0.298541 0.274821 0.426639 
0.423996 0.139393 0.436611 
0.302755 0.381989 0.315257 
0.429102 0.0863471 0.484551 
0.319665 0.274211 0.406124 
0.431552 0.136574 0.431874 
0.300213 0.392809 0.306978 
0.438428 0.0859022 0.47567 
0.330194 0.279225 0.390581 
0.453966 0.134963 0.411072 
0.291994 0.400102 0.307904 
0.447466 0.0852037 0.46733 
0.337782 0.277596 0.384622 
0.452385 0.132822 0.414793 
0.283578 0.413631 0.302791 
0.441571 0.0887947 0.469634 
0.334228 0.274675 0.391097 
0.447885 0.133914 0.418202 
0.277436 0.410104 0.31246 
0.461226 0.0893335 0.449441 
0.351 0.269855 0.379145 
0.461269 0.133737 0.404994 
0.274232 0.399998 0.32577 
0.46754 0.0896982 0.442761 
0.348473 0.270906 0.380621 
0.483315 0.129753 0.386932 
0.276209 0.402882 0.320908 
0.480274 0.0885282 0.431198 
0.351119 0.272963 0.375918 
0.488989 0.126589 0.384422 
0.284567 0.393515 0.321918 
0.471008 0.09178 0.437212 
0.364653 0.27973 0.355618 
0.490907 0.129056 0.380037 
0.279374 0.404583 0.316044 
0.484865 0.0953054 0.41983 
0.36647 0.284451 0.349079 
0.504125 0.130775 0.3651 
0.26583 0.409403 0.324767 
0.490775 0.0974879 0.411737 
0.361865 0.298704 0.339431 
0.496383 0.130387 0.373231 
0.272599 0.407421 0.319979 
0.498828 0.0990876 0.402084 
0.369463 0.304976 0.325561 
0.480596 0.139516 0.379888 
0.267295 0.415798 0.316907 
0.489455 0.100941 0.409605 
0.377689 0.302552 0.319759 
0.469645 0.141235 0.389119 
0.264837 0.430014 0.305148 
0.50636 0.101263 0.392378 
0.369972 0.316802 0.313226 
0.474614 0.14273 0.382656 
0.277695 0.430554 0.291751 
0.529091 0.0999322 0.370976 
0.37119 0.317844 0.310966 
0.484023 0.143337 0.37264 
0.268319 0.446444 0.285236 
0.532412 0.0992275 0.36836 
0.373107 0.319486 0.307406 
0.501906 0.140601 0.357493 
0.268726 0.453122 0.278151 
0.542322 0.0979324 0.359746 
0.375961 0.32193 0.302109 
0.512455 0.139512 0.348033 
0.273667 0.450061 0.276272 
0.561851 0.0978359 0.340313 
0.379834 0.321652 0.298514 
0.528302 0.139468 0.33223 
0.26284 0.468256 0.268903 
0.563659 0.0949329 0.341408 
0.388577 0.320932 0.290491 
0.500554 0.147672 0.351774 
0.263763 0.478937 0.257299 
0.573964 0.0934993 0.332537 
0.392326 0.327863 0.279811 
0.499493 0.149479 0.351028 
0.263847 0.484758 0.251395 
0.568509 0.0937757 0.337715 
0.378226 0.352019 0.269755 
0.494398 0.158155 0.347447 
0.269663 0.48997 0.240366 
0.571233 0.0931838 0.335584 
0.397105 0.350641 0.252254 
0.502791 0.156868 0.340341 
0.271118 0.481788 0.247094 
0.591528 0.0908751 0.317597 
0.387488 0.353747 0.258765 
0.523658 0.151574 0.324768 
0.280761 0.466746 0.252493 
0.588918 0.0948866 0.316196 
0.383428 0.369663 0.246909 
0.513856 0.155653 0.330491 
0.290524 0.462715 0.246762 
0.590438 0.0962574 0.313304 
0.390682 0.373248 0.23607 
0.52942 0.152039 0.318541 
0.273356 0.494464 0.23218 
0.598766 0.0952049 0.306029 
0.400863 0.371371 0.227765 
0.536854 0.154174 0.308972 
0.278863 0.504425 0.216712 
0.613918 0.0925444 0.293537 
0.377772 0.396578 0.22565 
0.554353 0.148349 0.297299 
0.268229 0.518638 0.213132 
0.621827 0.091968 0.286205 
0.383318 0.393043 0.223639 
0.54858 0.151275 0.300146 
0.260291 0.532885 0.206824 
0.621647 0.101611 0.276742 
0.388164 0.388184 0.223652 
0.541621 0.152533 0.305846 
0.24944 0.540702 0.209858 
0.630712 0.103093 0.266195 
0.387441 0.39179 0.220769 
0.548422 0.149093 0.302485 
0.248517 0.55326 0.198223 
0.641128 0.103309 0.255563 
0.378457 0.405893 0.21565 
0.538498 0.152369 0.309132 
0.245849 0.56035 0.193801 
0.64366 0.10652 0.24982 
0.380946 0.408563 0.210491 
0.544016 0.150548 0.305436 
0.247788 0.547657 0.204556 
0.641031 0.112645 0.246324 
0.379922 0.412933 0.207145 
0.537113 0.156258 0.306629 
0.246944 0.558058 0.194998 
0.622343 0.120228 0.25743 
0.361928 0.431416 0.206655 
0.537113 0.156258 0.306629 
0.240836 0.568989 0.190174 
0.623941 0.120537 0.255523 
0.355548 0.439037 0.205415 
0.54097 0.15738 0.301649 
0.235542 0.580412 0.184046 
0.619425 0.117508 0.263067 
0.340948 0.456073 0.202979 
0.534202 0.163925 0.301873 
0.227768 0.594261 0.177972 
0.631915 0.113652 0.254434 
0.349214 0.44606 0.204726 
0.527967 0.173683 0.29835 
0.229253 0.60741 0.163337 
0.62039 0.116132 0.263477 
0.340467 0.456097 0.203436 
0.509555 0.177783 0.312663 
0.232806 0.604609 0.162584 
0.600491 0.121162 0.278347 
0.338918 0.454021 0.207061 
0.519894 0.178817 0.301289 
0.233225 0.605698 0.161077 
0.599446 0.122692 0.277862 
0.339526 0.454837 0.205637 
0.511932 0.18595 0.302118 
0.240475 0.60154 0.157984 
0.608644 0.121065 0.27029 
0.334418 0.467259 0.198323 
0.505684 0.18833 0.305986 
0.237677 0.603757 0.158567 
0.605412 0.118927 0.275661 
0.336172 0.46971 0.194118 
0.492423 0.190399 0.317178 
0.232147 0.608137 0.159717 
0.61018 0.11749 0.27233 
0.348583 0.457542 0.193876 
0.490093 0.187514 0.322394 
0.238059 0.612389 0.149552 
0.614862 0.119714 0.265424 
0.335338 0.472747 0.191915 
0.486813 0.19295 0.320236 
0.233218 0.620271 0.146511 
0.595262 0.123888 0.28085 
0.325857 0.482934 0.19121 
0.485904 0.189858 0.324237 
0.221997 0.635575 0.142429 
0.582574 0.131345 0.286081 
0.316957 0.487984 0.195058 
0.472907 0.189773 0.337319 
0.227448 0.629833 0.142719 
0.593776 0.126075 0.280149 
0.318402 0.490208 0.19139 
0.489549 0.183782 0.326669 
0.227448 0.629833 0.142719 
0.589383 0.127438 0.283178 
0.324646 0.483436 0.191918 
0.485297 0.186798 0.327905 
0.233567 0.617603 0.14883 
0.587277 0.128092 0.284631 
0.31036 0.491496 0.198144 
0.473996 0.198109 0.327895 
0.215916 0.643722 0.140362 
0.595455 0.127729 0.276816 
0.305793 0.496523 0.197684 
0.472887 0.199985 0.327128 
0.213705 0.644249 0.142047 
0.604177 0.127621 0.268202 
0.298202 0.509022 0.192776 
0.490312 0.196584 0.313104 
0.211626 0.65232 0.136054 
0.592388 0.130238 0.277375 
0.290617 0.52151 0.187873 
0.487682 0.197599 0.31472 
0.206971 0.657905 0.135124 
0.599687 0.130531 0.269782 
0.296634 0.513847 0.189519 
0.479997 0.200563 0.31944 
0.197547 0.673481 0.128971 
0.587078 0.137248 0.275675 
0.286374 0.523885 0.18974 
0.471657 0.209586 0.318756 
0.203439 0.666373 0.130188 
0.583671 0.139354 0.276975 
0.284828 0.510739 0.204434 
0.476378 0.211684 0.311938 
0.200861 0.67359 0.125549 
0.570092 0.140726 0.289182 
0.282752 0.524202 0.193046 
0.474535 0.214734 0.310732 
0.20295 0.667756 0.129294 
0.56438 0.146459 0.289162 
0.28102 0.534179 0.184801 
0.465156 0.222021 0.312822 
0.21142 0.658699 0.129881 
0.55538 0.152203 0.292418 
0.27927 0.530854 0.189876 
0.460086 0.227044 0.312869 
0.199676 0.673922 0.126402 
0.555233 0.156573 0.288194 
0.267586 0.53946 0.192954 
0.433589 0.248596 0.317815 
0.18826 0.684879 0.126861 
0.549796 0.15712 0.293084 
0.270532 0.531935 0.197533 
0.421559 0.255913 0.322528 
0.196434 0.674925 0.128641 
0.539007 0.161935 0.299059 
0.271198 0.533243 0.195559 
0.417968 0.250764 0.331268 
0.182455 0.692827 0.124718 
0.529192 0.166647 0.304161 
0.266828 0.53644 0.196732 
0.418734 0.257584 0.323682 
0.17535 0.70619 0.11846 
0.515191 0.169901 0.314908 
0.257103 0.541304 0.201593 
0.417036 0.25654 0.326424 
0.175899 0.708398 0.115703 
0.514432 0.167963 0.317605 
0.252901 0.540118 0.206981 
0.422425 0.251981 0.325594 
0.180271 0.698869 0.12086 
0.518498 0.16929 0.312212 
0.241223 0.554042 0.204735 
0.422425 0.251981 0.325594 
0.17506 0.704602 0.120337 
0.503381 0.175685 0.320934 
0.232724 0.565956 0.20132 
0.413303 0.25596 0.330736 
0.178455 0.694717 0.126829 
0.486718 0.18158 0.331702 
0.238186 0.567768 0.194046 
0.416621 0.253147 0.330231 
0.176296 0.692582 0.131121 
0.485102 0.184298 0.330601 
0.240834 0.564591 0.194575 
0.407348 0.247512 0.34514 
0.165843 0.705777 0.12838 
0.499599 0.180548 0.319852 
0.233085 0.570354 0.196561 
0.423409 0.249476 0.327115 
0.168084 0.696491 0.135425 
0.502495 0.181595 0.31591 
0.230422 0.563836 0.205742 
0.407348 0.247512 0.34514 
0.168084 0.696491 0.135425 
0.4888 0.191358 0.319842 
0.240457 0.552743 0.2068 
0.395809 0.256012 0.348178 
0.163438 0.70488 0.131682 
0.47444 0.192409 0.333151 
0.233609 0.562366 0.204025 
0.406544 0.253277 0.340179 
0.170569 0.693611 0.13582 
0.479679 0.194534 0.325787 
0.2229 0.57358 0.20352 
0.38266 0.26347 0.35387 
0.173541 0.688272 0.138187 
0.472681 0.191695 0.335624 
0.207321 0.585079 0.2076 
0.377712 0.263554 0.358734 
0.173758 0.689134 0.137108 
0.470409 0.190774 0.338817 
0.207202 0.578284 0.214514 
0.372262 0.259751 0.367987 
0.176739 0.69225 0.131011 
0.472 0.191419 0.33658 
0.199259 0.594451 0.20629 
0.360643 0.270049 0.369308 
0.17059 0.697421 0.131989 
0.458924 0.198947 0.342129 
0.207695 0.579658 0.212648 
0.365783 0.267878 0.366339 
0.17059 0.697421 0.131989 
0.464328 0.198624 0.337048 
0.216043 0.57355 0.210407 
0.350103 0.265891 0.384006 
0.167357 0.701526 0.131117 
0.458571 0.197736 0.343693 
0.214167 0.574923 0.210911 
0.337157 0.269187 0.393656 
0.161031 0.709615 0.129354 
0.458178 0.203293 0.338528 
0.218281 0.566757 0.214962 
0.315811 0.270813 0.413376 
0.161031 0.709615 0.129354 
0.455425 0.199562 0.345013 
0.219712 0.570472 0.209816 
0.302923 0.269688 0.427389 
0.154166 0.720528 0.125306 
0.449614 0.205969 0.344416 
0.22642 0.557358 0.216222 
0.301195 0.268149 0.430655 
0.155185 0.717273 0.127543 
0.426921 0.216142 0.356937 
0.22642 0.557358 0.216222 
0.297322 0.271855 0.430823 
0.163803 0.703997 0.1322 
0.427657 0.21479 0.357553 
0.217978 0.570634 0.211387 
0.286301 0.276118 0.43758 
0.163596 0.703108 0.133296 
0.420313 0.213934 0.365753 
0.209157 0.585288 0.205555 
0.291041 0.271487 0.437472 
0.163596 0.703108 0.133296 
0.416132 0.214048 0.36982 
0.201428 0.596806 0.201766 
0.293997 0.270355 0.435648 
0.161347 0.702166 0.136488 
0.393117 0.211761 0.395123 
0.202844 0.575788 0.221368 
0.28937 0.252279 0.458351 
0.162945 0.700827 0.136227 
0.402419 0.219194 0.378387 
0.209358 0.562165 0.228477 
0.298839 0.255376 0.445784 
0.157849 0.706617 0.135534 
0.396592 0.21602 0.387388 
0.221103 0.540798 0.238099 
0.286193 0.255278 0.458529 
0.15676 0.701741 0.141499 
0.400911 0.211584 0.387506 
0.226674 0.543444 0.229883 
0.288069 0.259535 0.452396 
0.147813 0.714595 0.137592 
0.411797 0.201386 0.386817 
0.225775 0.548098 0.226127 
0.290544 0.248344 0.461112 
0.154104 0.702449 0.143448 
0.399742 0.205513 0.394745 
0.234468 0.527058 0.238474 
0.302767 0.253667 0.443566 
0.144195 0.721581 0.134224 
0.407735 0.204447 0.387818 
0.229464 0.51581 0.254726 
0.302324 0.24581 0.451866 
0.144195 0.721581 0.134224 
0.409044 0.188704 0.402251 
0.23342 0.510895 0.255685 
0.297949 0.249822 0.45223 
0.138587 0.725039 0.136374 
0.399033 0.186143 0.414824 
0.225749 0.524042 0.250209 
0.295483 0.244677 0.459841 
0.137408 0.727378 0.135214 
0.401136 0.181853 0.41701 
0.221451 0.533103 0.245446 
0.286905 0.252653 0.460443 
0.142138 0.720404 0.137457 
0.400853 0.177499 0.421648 
0.215716 0.539141 0.245142 
0.291181 0.248649 0.460171 
0.142699 0.713669 0.143632 
0.413897 0.176088 0.410014 
0.215833 0.531782 0.252384 
0.29394 0.247681 0.458379 
0.1337 0.724354 0.141946 
0.406639 0.178269 0.415092 
0.217269 0.528669 0.254062 
0.29394 0.247681 0.458379 
0.134129 0.718644 0.147227 
0.392161 0.174938 0.432901 
0.20986 0.549163 0.240977 
0.281044 0.254134 0.464822 
0.132438 0.718511 0.149052 
0.389433 0.171993 0.438574 
0.208215 0.552697 0.239088 
0.281692 0.252415 0.465894 
0.143772 0.697976 0.158252 
0.373182 0.171542 0.455276 
0.205869 0.554334 0.239796 
0.268305 0.261057 0.470639 
0.144961 0.693005 0.162034 
0.366375 0.168413 0.465212 
0.213517 0.548996 0.237487 
0.269853 0.256793 0.473355 
0.146878 0.691451 0.161671 
0.360655 0.16745 0.471895 
0.210949 0.542391 0.24666 
0.269256 0.247824 0.48292 
0.151048 0.685687 0.163265 
0.352077 0.155494 0.492429 
0.201678 0.552361 0.245961 
0.2627 0.237003 0.500297 
0.151655 0.672434 0.17591 
0.355826 0.151998 0.492175 
0.207261 0.539968 0.25277 
0.2475 0.223289 0.529211 
0.156043 0.664759 0.179198 
0.355014 0.148125 0.496862 
0.210651 0.534669 0.25468 
0.24649 0.226458 0.527052 
0.152131 0.659984 0.187885 
0.37206 0.14421 0.48373 
0.197976 0.546167 0.255857 
0.254078 0.23343 0.512493 
0.159515 0.643479 0.197005 
0.39876 0.145729 0.455511 
0.199982 0.531998 0.26802 
0.249787 0.224707 0.525506 
0.167792 0.631106 0.201103 
0.393564 0.14383 0.462606 
0.202339 0.53827 0.259391 
0.248655 0.205314 0.546031 
0.169532 0.631304 0.199164 
0.388397 0.139596 0.472007 
0.207251 0.542918 0.249831 
0.249723 0.2019 0.548376 
0.168731 0.628325 0.202944 
0.384695 0.147797 0.467508 
0.201017 0.549645 0.249338 
0.248377 0.197746 0.553877 
0.168744 0.622415 0.208841 
0.369309 0.152936 0.477755 
0.204762 0.535547 0.259691 
0.245629 0.195558 0.558813 
0.163438 0.631893 0.204669 
0.379755 0.155525 0.46472 
0.207488 0.522703 0.26981 
0.236837 0.206087 0.557075 
0.166202 0.625669 0.208129 
0.389168 0.147126 0.463707 
0.205148 0.524245 0.270606 
0.236272 0.199366 0.564362 
0.171554 0.616128 0.212319 
0.391547 0.146553 0.4619 
0.210786 0.507881 0.281333 
0.23408 0.192639 0.57328 
0.176799 0.617882 0.205319 
0.398232 0.152404 0.449364 
0.207976 0.507414 0.28461 
0.228609 0.194015 0.577376 
0.179101 0.619372 0.201527 
0.41253 0.150176 0.437294 
0.208787 0.491727 0.299486 
0.21948 0.186268 0.594253 
0.191579 0.592853 0.215568 
0.438632 0.154444 0.406924 
0.212152 0.487315 0.300533 
0.222302 0.175804 0.601894 
0.194766 0.580533 0.224702 
0.44338 0.156115 0.400505 
0.209168 0.474098 0.316733 
0.215734 0.165805 0.618461 
0.194986 0.57593 0.229084 
0.449291 0.151061 0.399648 
0.210701 0.466468 0.322831 
0.223019 0.174867 0.602114 
0.190299 0.574043 0.235659 
0.448777 0.147572 0.403651 
0.201656 0.474778 0.323566 
0.20752 0.16637 0.62611 
0.190299 0.574043 0.235659 
0.432155 0.150716 0.417129 
0.20274 0.477331 0.319929 
0.1967 0.157695 0.645605 
0.191402 0.567416 0.241183 
0.437985 0.155835 0.40618 
0.201357 0.480896 0.317747 
0.194575 0.154513 0.650912 
0.193379 0.562948 0.243674 
0.461189 0.151812 0.386998 
0.200281 0.48367 0.316048 
0.207909 0.16276 0.629331 
0.19921 0.557186 0.243604 
0.448091 0.14998 0.401929 
0.202863 0.477014 0.320123 
0.205606 0.157215 0.637179 
0.208168 0.548977 0.242855 
0.433428 0.150993 0.415579 
0.2025 0.481481 0.316019 
0.201424 0.151242 0.647334 
0.213271 0.549357 0.237372 
0.427252 0.153886 0.418862 
0.20696 0.476789 0.316251 
0.20799 0.156172 0.635837 
0.20314 0.550089 0.246771 
0.4236 0.156203 0.420197 
0.208284 0.458979 0.332738 
0.211308 0.158663 0.630029 
0.207855 0.535404 0.256741 
0.43194 0.149006 0.419053 
0.212208 0.459898 0.327894 
0.206855 0.166027 0.627118 
0.210373 0.532127 0.2575 
0.438116 0.146182 0.415703 
0.223005 0.437305 0.339689 
0.22248 0.173291 0.60423 
0.206123 0.537668 0.256209 
0.43961 0.143269 0.417121 
0.224223 0.434232 0.341545 
0.221834 0.175691 0.602475 
0.20605 0.543167 0.250783 
0.426567 0.149186 0.424247 
0.230911 0.422346 0.346742 
0.224488 0.173403 0.602109 
0.204559 0.546473 0.248968 
0.425894 0.150527 0.423578 
0.235429 0.424906 0.339665 
0.219104 0.169245 0.611652 
0.21294 0.532175 0.254885 
0.439977 0.147921 0.412102 
0.236245 0.432514 0.331241 
0.220585 0.17303 0.606385 
0.219413 0.52535 0.255237 
0.444359 0.143038 0.412603 
0.230595 0.435714 0.333692 
0.217215 0.178597 0.604188 
0.229575 0.509962 0.260463 
0.465903 0.142658 0.391439 
0.235026 0.438205 0.326769 
0.216477 0.173306 0.610217 
0.233733 0.492579 0.273688 
0.467999 0.149148 0.382853 
0.235026 0.438205 0.326769 
0.217958 0.16765 0.614392 
0.233953 0.50845 0.257597 
0.47077 0.147444 0.381786 
0.240202 0.43524 0.324558 
0.221212 0.163481 0.615306 
0.238954 0.502292 0.258754 
0.479082 0.145129 0.375789 
0.238634 0.427343 0.334023 
0.213917 0.165013 0.62107 
0.245087 0.503861 0.251053 
0.489996 0.140726 0.369279 
0.244436 0.41342 0.342144 
0.212516 0.161606 0.625878 
0.242617 0.50886 0.248523 
0.489609 0.145988 0.364404 
0.244436 0.41342 0.342144 
0.205908 0.156582 0.63751 
0.23845 0.520531 0.241019 
0.500099 0.140597 0.359304 
0.252737 0.408878 0.338385 
0.219274 0.161694 0.619032 
0.229643 0.528767 0.24159 
0.50606 0.142273 0.351667 
0.267162 0.400985 0.331853 
0.223514 0.163258 0.613228 
0.237225 0.530081 0.232694 
0.498429 0.145846 0.355725 
0.271216 0.396358 0.332426 
0.225613 0.168297 0.60609 
0.229696 0.544995 0.225309 
0.501654 0.143883 0.354463 
0.270869 0.403113 0.326018 
0.227072 0.16798 0.604948 
0.228032 0.553206 0.218761 
0.493796 0.143053 0.363151 
0.276269 0.402114 0.321617 
0.219588 0.159227 0.621185 
0.222359 0.561459 0.216182 
0.50158 0.146698 0.351721 
0.297014 0.385621 0.317365 
0.215847 0.154956 0.629197 
0.231055 0.553116 0.215829 
0.497815 0.143669 0.358516 
0.290348 0.396293 0.31336 
0.219217 0.16271 0.618072 
0.237166 0.552804 0.210031 
0.497815 0.143669 0.358516 
0.277918 0.398776 0.323306 
0.214533 0.161702 0.623765 
0.241995 0.546969 0.211036 
0.500391 0.145731 0.353878 
0.282333 0.389226 0.328441 
0.210942 0.156568 0.63249 
0.243119 0.538062 0.218818 
0.484451 0.147887 0.367662 
0.274745 0.401041 0.324214 
0.216675 0.167387 0.615938 
0.243782 0.539529 0.216689 
0.484451 0.147887 0.367662 
0.290257 0.396358 0.313386 
0.216373 0.161674 0.621953 
0.226814 0.562751 0.210435 
0.474772 0.149133 0.376095 
0.282891 0.392289 0.32482 
0.204893 0.151404 0.643703 
0.224034 0.562847 0.213118 
0.487262 0.153056 0.359682 
0.280009 0.402241 0.31775 
0.208601 0.152229 0.63917 
0.225806 0.567297 0.206897 
0.486263 0.154793 0.358944 
0.284992 0.391603 0.323405 
0.211275 0.15418 0.634545 
0.218157 0.577701 0.204142 
0.501848 0.148866 0.349286 
0.29623 0.380793 0.322977 
0.203063 0.155786 0.641151 
0.218712 0.57917 0.202119 
0.503591 0.145909 0.3505 
0.303106 0.379379 0.317515 
0.195172 0.158537 0.646291 
0.209884 0.592028 0.198087 
0.480608 0.145578 0.373814 
0.3019 0.37787 0.32023 
0.202342 0.160303 0.637355 
0.212196 0.591936 0.195868 
0.452521 0.14722 0.400259 
0.30755 0.374811 0.317639 
0.200153 0.152351 0.647496 
0.215343 0.585883 0.198773 
0.460953 0.140291 0.398756 
0.314988 0.37696 0.308051 
0.202889 0.154434 0.642676 
0.214142 0.590998 0.19486 
0.470338 0.134811 0.39485 
0.30673 0.386914 0.306357 
0.211762 0.162807 0.625431 
0.216485 0.597464 0.186051 
0.462432 0.134977 0.40259 
0.310023 0.391068 0.298908 
0.205174 0.162315 0.632511 
0.219593 0.58897 0.191437 
0.466935 0.139191 0.393874 
0.302284 0.385138 0.312578 
0.195046 0.162214 0.64274 
0.229605 0.574192 0.196203 
0.474148 0.139006 0.386846 
0.305802 0.38962 0.304578 
0.193791 0.159035 0.647175 
0.221427 0.582129 0.196444 
0.456367 0.148736 0.394898 
0.304935 0.375779 0.319286 
0.189491 0.157917 0.652591 
0.213545 0.598513 0.187942 
0.46604 0.14761 0.38635 
0.306322 0.377488 0.316189 
0.183401 0.156277 0.660322 
0.220012 0.595255 0.184733 
0.470189 0.146463 0.383347 
0.324425 0.358477 0.317098 
0.186042 0.150795 0.663163 
0.212043 0.601337 0.18662 
0.475855 0.140999 0.383147 
0.319845 0.377781 0.302373 
0.188069 0.150419 0.661511 
0.207293 0.608674 0.184033 
0.474891 0.142738 0.382371 
0.314431 0.380788 0.30478 
0.184099 0.143609 0.672292 
0.204907 0.615188 0.179905 
0.464217 0.145639 0.390144 
0.325814 0.384831 0.289354 
0.188043 0.144605 0.667352 
0.212529 0.609291 0.17818 
0.472404 0.145412 0.382184 
0.323286 0.381845 0.294869 
0.188643 0.141878 0.66948 
0.218387 0.603042 0.178571 
0.464844 0.148924 0.386232 
0.322645 0.37106 0.306294 
0.183626 0.138104 0.67827 
0.217864 0.607354 0.174782 
0.463124 0.146108 0.390768 
0.334094 0.366359 0.299547 
0.16686 0.128887 0.704253 
0.223341 0.599708 0.176951 
0.470285 0.145914 0.383801 
0.350012 0.36344 0.286548 
0.170667 0.125767 0.703567 
0.216062 0.602688 0.18125 
0.450947 0.155664 0.39339 
0.360583 0.357529 0.281888 
0.166233 0.125252 0.708515 
0.213757 0.611354 0.174889 
0.452556 0.161831 0.385613 
0.373666 0.343069 0.283264 
0.166668 0.122964 0.710369 
0.223473 0.600418 0.176109 
0.465286 0.162275 0.372439 
0.365306 0.355117 0.279577 
0.167038 0.121016 0.711946 
0.225264 0.597215 0.177521 
0.459437 0.16405 0.376513 
0.368884 0.346336 0.28478 
0.17072 0.123684 0.705595 
0.229466 0.57606 0.194473 
0.471144 0.160497 0.368359 
0.356449 0.363746 0.279805 
0.1793 0.133189 0.687511 
0.24438 0.566333 0.189287 
0.475202 0.157883 0.366916 
0.373409 0.349752 0.276839 
0.176233 0.13091 0.692856 
0.25805 0.544722 0.197228 
0.486747 0.156691 0.356561 
0.381196 0.349975 0.268829 
0.178648 0.128966 0.692386 
0.262498 0.539531 0.19797 
0.486985 0.161005 0.352011 
0.381196 0.349975 0.268829 
0.183876 0.131419 0.684705 
0.262498 0.539531 0.19797 
0.482584 0.157962 0.359453 
0.393153 0.329586 0.277261 
0.173564 0.12229 0.704147 
0.26027 0.539838 0.199892 
0.484814 0.16247 0.352716 
0.406972 0.324532 0.268496 
0.172299 0.119891 0.70781 
0.268257 0.527875 0.203868 
0.482798 0.161795 0.355407 
0.406059 0.315809 0.278131 
0.178609 0.121391 0.700001 
0.274928 0.516134 0.208938 
0.506805 0.160407 0.332788 
0.408105 0.3174 0.274495 
0.179761 0.125715 0.694524 
0.28302 0.497059 0.219921 
0.491587 0.158733 0.34968 
0.424483 0.31869 0.256827 
0.188967 0.132153 0.67888 
0.295855 0.489918 0.214226 
0.500457 0.158231 0.341311 
0.424746 0.315548 0.259705 
0.18577 0.125981 0.688249 
0.316161 0.465434 0.218406 
0.489491 0.167654 0.342855 
0.40141 0.336233 0.262357 
0.184916 0.120141 0.694943 
0.322897 0.464297 0.212806 
0.498763 0.167075 0.334162 
0.411515 0.328851 0.259634 
0.176468 0.119331 0.704201 
0.319509 0.478175 0.202316 
0.494918 0.173497 0.331586 
0.421073 0.321312 0.257615 
0.182072 0.118519 0.699409 
0.32739 0.470758 0.201851 
0.514913 0.166628 0.318459 
0.410571 0.318155 0.271274 
0.195329 0.125743 0.678928 
0.333871 0.460282 0.205847 
0.506542 0.171097 0.322361 
0.425099 0.3171 0.257801 
0.20364 0.126796 0.669565 
0.353884 0.435961 0.210155 
0.491523 0.181458 0.327019 
0.422528 0.318518 0.258954 
0.195925 0.121992 0.682083 
0.36375 0.432576 0.203674 
0.493814 0.182303 0.323883 
0.427579 0.313843 0.258578 
0.190316 0.12009 0.689594 
0.372034 0.42209 0.205876 
0.48311 0.184759 0.332131 
0.433986 0.306822 0.259193 
0.178454 0.119428 0.702118 
0.368161 0.422949 0.20889 
0.481915 0.186776 0.331309 
0.430967 0.304687 0.264346 
0.176997 0.126618 0.696385 
0.366224 0.424245 0.209531 
0.488159 0.184525 0.327316 
0.431487 0.292258 0.276255 
0.176997 0.126618 0.696385 
0.385336 0.408418 0.206246 
0.47505 0.191948 0.333002 
0.422091 0.299837 0.278071 
0.172677 0.123528 0.703795 
0.393983 0.402672 0.203345 
0.48341 0.195327 0.321263 
0.414101 0.299105 0.286794 
0.177978 0.134295 0.687727 
0.392286 0.400937 0.206776 
0.484072 0.197779 0.318148 
0.42224 0.293025 0.284736 
0.18457 0.13927 0.67616 
0.394432 0.403131 0.202437 
0.492328 0.190839 0.316833 
0.427151 0.287097 0.285752 
0.190075 0.136428 0.673497 
0.397976 0.402258 0.199766 
0.505512 0.183312 0.311176 
0.436936 0.285946 0.277118 
0.194956 0.141338 0.663706 
0.429224 0.379687 0.191088 
0.514892 0.181455 0.303653 
0.457731 0.286988 0.255281 
0.197842 0.14343 0.658728 
0.417714 0.391894 0.190392 
0.5282 0.176477 0.295323 
0.456084 0.289553 0.254363 
0.201678 0.144888 0.653434 
0.415935 0.390224 0.193841 
0.530031 0.177088 0.292881 
0.454429 0.292131 0.25344 
0.205212 0.14307 0.651719 
0.437383 0.377206 0.185412 
0.523638 0.187014 0.289349 
0.469063 0.292402 0.238535 
0.210101 0.146479 0.64342 
0.436162 0.381565 0.182272 
0.512142 0.196019 0.291839 
0.457287 0.300677 0.242036 
0.214992 0.154233 0.630776 
0.453447 0.369868 0.176684 
0.514129 0.19678 0.289091 
0.442883 0.314759 0.242358 
0.21499 0.16022 0.62479 
0.445376 0.386343 0.168281 
0.533942 0.194397 0.271661 
0.445661 0.310462 0.243878 
0.225625 0.166057 0.608319 
0.44014 0.391466 0.168394 
0.5522 0.184969 0.262831 
0.452003 0.311401 0.236596 
0.23199 0.170742 0.597268 
0.437138 0.395617 0.167246 
0.537321 0.191115 0.271564 
0.447993 0.322664 0.229343 
0.234989 0.178353 0.586658 
0.444537 0.389124 0.166339 
0.533863 0.196321 0.269816 
0.440013 0.329027 0.230961 
0.241139 0.183021 0.575841 
0.443358 0.392684 0.163958 
0.530032 0.197934 0.272033 
0.452367 0.321768 0.225865 
0.244714 0.188614 0.566672 
0.424806 0.411686 0.163508 
0.51199 0.207121 0.280889 
0.452367 0.321768 0.225865 
0.247273 0.192715 0.560012 
0.404752 0.433505 0.161742 
0.504384 0.206324 0.289292 
0.456476 0.31274 0.230784 
0.252445 0.194572 0.552983 
0.41079 0.429109 0.160102 
0.513005 0.201047 0.285948 
0.450724 0.321401 0.227875 
0.259202 0.207414 0.533384 
0.40981 0.436733 0.153457 
0.510013 0.196823 0.293164 
0.449511 0.320537 0.229952 
0.258954 0.213222 0.527824 
0.422571 0.421289 0.15614 
0.503633 0.201558 0.294808 
0.465169 0.3062 0.228631 
0.258451 0.214751 0.526798 
0.415821 0.432713 0.151467 
0.500216 0.206976 0.292808 
0.456065 0.319779 0.224156 
0.26224 0.209879 0.527881 
0.41848 0.43548 0.14604 
0.514096 0.204379 0.281525 
0.462755 0.324469 0.212776 
0.267467 0.216328 0.516204 
0.407705 0.443549 0.148746 
0.510379 0.200659 0.288962 
0.452804 0.332489 0.214706 
0.268638 0.229016 0.502346 
0.401666 0.451791 0.146543 
0.517516 0.197734 0.28475 
0.461076 0.327463 0.211461 
0.260576 0.233533 0.50589 
0.392319 0.461332 0.146349 
0.538995 0.192659 0.268346 
0.438519 0.3465 0.21498 
0.26165 0.238131 0.500219 
0.391601 0.46536 0.143038 
0.534843 0.195726 0.26943 
0.439995 0.351781 0.208224 
0.258036 0.248653 0.493311 
0.384687 0.47181 0.143502 
0.553097 0.191164 0.255739 
0.434982 0.356577 0.208441 
0.262278 0.25274 0.484982 
0.386226 0.47899 0.134784 
0.551918 0.192888 0.255193 
0.42491 0.367144 0.207946 
0.263075 0.256911 0.480013 
0.382845 0.481629 0.135527 
0.54304 0.199516 0.257445 
0.418893 0.366228 0.214879 
0.263075 0.256911 0.480013 
0.382061 0.485242 0.132697 
0.538901 0.201323 0.259776 
0.433276 0.357163 0.209561 
0.26104 0.257621 0.481339 
0.393799 0.47759 0.128611 
0.539299 0.204176 0.256525 
0.433652 0.363481 0.202866 
0.265157 0.264188 0.470655 
0.406314 0.460988 0.132698 
0.548601 0.200053 0.251345 
0.438123 0.360612 0.201265 
0.265157 0.264188 0.470655 
0.408516 0.458066 0.133418 
0.543826 0.203672 0.252502 
0.441203 0.358636 0.200162 
0.277028 0.267653 0.45532 
0.400016 0.464649 0.135335 
0.544106 0.206053 0.24984 
0.428817 0.374863 0.19632 
0.270908 0.269918 0.459174 
0.390623 0.475171 0.134206 
0.560615 0.194518 0.244866 
0.427362 0.364367 0.208272 
0.258263 0.281552 0.460185 
0.389301 0.473562 0.137137 
0.57939 0.189325 0.231285 
0.432075 0.359819 0.208106 
0.257739 0.277877 0.464384 
0.380013 0.484537 0.13545 
0.577552 0.191896 0.230552 
0.431126 0.359028 0.209846 
0.252972 0.275785 0.471243 
0.373498 0.488287 0.138215 
0.57311 0.193914 0.232976 
0.416892 0.37609 0.207017 
0.238469 0.270584 0.490947 
0.368067 0.490439 0.141494 
0.571047 0.193216 0.235737 
0.402049 0.392908 0.205042 
0.230339 0.279377 0.490283 
0.366404 0.488223 0.145373 
0.552498 0.195436 0.252067 
0.398357 0.395335 0.206309 
0.224891 0.286754 0.488356 
0.356182 0.500603 0.143215 
0.551143 0.197409 0.251448 
0.380573 0.412223 0.207204 
0.228677 0.298963 0.47236 
0.366432 0.490872 0.142696 
0.545986 0.198187 0.255828 
0.374117 0.414877 0.211006 
0.215393 0.304112 0.480495 
0.355069 0.50666 0.138271 
0.521688 0.21351 0.264802 
0.368512 0.414542 0.216946 
0.219929 0.294595 0.485476 
0.370893 0.498419 0.130689 
0.516667 0.213479 0.269854 
0.381575 0.415165 0.20326 
0.213005 0.291392 0.495603 
0.36714 0.499998 0.132862 
0.507109 0.219052 0.273839 
0.390803 0.419573 0.189625 
0.216076 0.281177 0.502747 
0.373258 0.491665 0.135076 
0.5226 0.216892 0.260508 
0.377082 0.431442 0.191476 
0.213625 0.289331 0.497044 
0.372663 0.490881 0.136457 
0.540244 0.211158 0.248598 
0.382492 0.423285 0.194223 
0.217163 0.294124 0.488712 
0.372663 0.490881 0.136457 
0.529268 0.212863 0.257869 
0.381134 0.421782 0.197084 
0.211635 0.293893 0.494471 
0.35898 0.502534 0.138487 
0.521055 0.225077 0.253868 
0.362597 0.440869 0.196533 
0.208946 0.302865 0.488189 
0.366604 0.500536 0.132859 
0.515465 0.23339 0.251144 
0.359049 0.443323 0.197627 
0.20804 0.30589 0.486071 
0.370126 0.494239 0.135635 
0.510205 0.235924 0.253871 
0.353573 0.449857 0.196569 
0.205039 0.289657 0.505304 
0.378911 0.487346 0.133743 
0.502344 0.23589 0.261766 
0.342781 0.464253 0.192966 
0.204539 0.285758 0.509703 
0.373227 0.495036 0.131737 
0.514342 0.235907 0.249751 
0.332969 0.479588 0.187443 
0.207621 0.274998 0.517382 
0.368631 0.503831 0.127538 
0.511219 0.237424 0.251357 
0.332969 0.479588 0.187443 
0.205058 0.283947 0.510995 
0.355273 0.519048 0.125679 
0.541219 0.227438 0.231343 
0.314632 0.49092 0.194447 
0.205741 0.281561 0.512698 
0.350071 0.518808 0.131121 
0.543977 0.226071 0.229952 
0.289269 0.512115 0.198617 
0.206664 0.288537 0.504799 
0.354929 0.510069 0.135002 
0.550145 0.221139 0.228716 
0.277763 0.53152 0.190717 
0.206842 0.280652 0.512506 
0.354738 0.503832 0.14143 
0.545213 0.225079 0.229708 
0.268847 0.536582 0.194571 
0.21681 0.283671 0.49952 
0.354386 0.497079 0.148534 
0.536893 0.226624 0.236483 
0.253836 0.547599 0.198565 
0.215143 0.281491 0.503366 
0.349612 0.497438 0.15295 
0.561697 0.217946 0.220357 
0.241694 0.562014 0.196292 
0.215591 0.284776 0.499632 
0.368677 0.477447 0.153876 
0.583718 0.209077 0.207204 
0.243438 0.55486 0.201702 
0.220625 0.2807 0.498675 
0.363716 0.486987 0.149297 
0.568451 0.214048 0.217501 
0.252729 0.546504 0.200767 
0.222965 0.273073 0.503963 
0.368944 0.486445 0.144611 
0.563985 0.216263 0.219752 
0.250214 0.546789 0.202997 
0.222265 0.26861 0.509125 
0.372053 0.484048 0.143899 
0.550829 0.222789 0.226383 
0.263142 0.534705 0.202153 
0.225858 0.269562 0.50458 
0.369445 0.485043 0.145512 
0.563985 0.216263 0.219752 
0.277755 0.519272 0.202973 
0.231987 0.271109 0.496904 
0.368905 0.484335 0.146759 
0.562101 0.218882 0.219017 
0.272519 0.521859 0.205622 
0.221525 0.290226 0.488248 
0.366156 0.488178 0.145666 
0.562101 0.218882 0.219017 
0.274765 0.512315 0.21292 
0.230488 0.298217 0.471295 
0.35272 0.500925 0.146355 
0.556814 0.223107 0.220079 
0.273594 0.520984 0.205422 
0.232025 0.285564 0.482411 
0.33985 0.522845 0.137304 
0.549886 0.230345 0.219769 
0.260875 0.524613 0.214513 
0.215013 0.294716 0.490271 
0.331906 0.532581 0.135513 
0.534312 0.243852 0.221836 
0.253509 0.535939 0.210551 
0.21082 0.293449 0.495731 
0.343223 0.522138 0.134639 
0.523333 0.251087 0.225581 
0.255775 0.531792 0.212433 
0.209759 0.30313 0.487111 
0.338383 0.520222 0.141395 
0.508468 0.261798 0.229734 
0.248234 0.545596 0.20617 
0.208794 0.311415 0.479791 
0.328849 0.529446 0.141705 
0.513933 0.257158 0.228909 
0.243062 0.566597 0.190342 
0.216927 0.318956 0.464117 
0.318136 0.534626 0.147239 
0.512691 0.256537 0.230773 
0.247324 0.567732 0.184944 
0.22362 0.328798 0.447582 
0.321071 0.533597 0.145331 
0.499658 0.262209 0.238133 
0.245454 0.571001 0.183545 
0.22983 0.331552 0.438618 
0.317918 0.541731 0.140351 
0.512322 0.251515 0.236163 
0.242035 0.578614 0.179351 
0.23041 0.32466 0.44493 
0.315066 0.536872 0.148063 
0.504063 0.253021 0.242916 
0.250879 0.570506 0.178615 
0.221467 0.325723 0.45281 
0.309867 0.544513 0.14562 
0.50844 0.252233 0.239327 
0.249558 0.575121 0.175321 
0.218449 0.324875 0.456676 
0.296763 0.557437 0.1458 
0.510798 0.244354 0.244849 
0.239957 0.593439 0.166604 
0.22333 0.345687 0.430983 
0.282286 0.564441 0.153273 
0.511986 0.244922 0.243092 
0.242209 0.585844 0.171947 
0.21729 0.336338 0.446372 
0.281925 0.570017 0.148058 
0.511986 0.244922 0.243092 
0.235673 0.592171 0.172156 
0.219729 0.33529 0.444981 
0.289578 0.563941 0.14648 
0.510019 0.240257 0.249725 
0.244293 0.58195 0.173757 
0.22032 0.327891 0.451789 
0.296267 0.555731 0.148002 
0.493868 0.249664 0.256468 
0.236428 0.586198 0.177375 
0.22663 0.325237 0.448133 
0.295001 0.553358 0.151641 
0.49281 0.249129 0.25806 
0.238558 0.584562 0.17688 
0.220527 0.32359 0.455883 
0.302012 0.542743 0.155245 
0.474522 0.259864 0.265614 
0.239436 0.577016 0.183548 
0.225037 0.316355 0.458608 
0.292935 0.55091 0.156155 
0.479178 0.255934 0.264888 
0.232439 0.586614 0.180947 
0.223316 0.313936 0.462749 
0.278958 0.568319 0.152723 
0.464597 0.260869 0.274534 
0.22288 0.598192 0.178927 
0.229371 0.30812 0.462509 
0.285524 0.570177 0.144299 
0.46727 0.26237 0.270361 
0.21874 0.60882 0.17244 
0.236491 0.311959 0.45155 
0.278378 0.575879 0.145743 
0.47327 0.261521 0.265209 
0.206257 0.624768 0.168975 
0.231299 0.310709 0.457992 
0.268318 0.585474 0.146208 
0.452555 0.271806 0.275639 
0.206937 0.619495 0.173568 
0.231119 0.290445 0.478435 
0.264595 0.588453 0.146952 
0.449532 0.266833 0.283634 
0.206937 0.619495 0.173568 
0.232012 0.287705 0.480283 
0.271873 0.579274 0.148853 
0.433439 0.275723 0.290838 
0.211293 0.609256 0.179451 
0.21687 0.28366 0.499471 
0.265325 0.584484 0.150191 
0.435159 0.284299 0.280543 
0.218831 0.590294 0.190875 
0.220285 0.282422 0.497292 
0.26564 0.579632 0.154728 
0.451576 0.279081 0.269342 
0.21947 0.59202 0.18851 
0.219828 0.279164 0.501008 
0.265005 0.578244 0.156751 
0.451404 0.285617 0.262979 
0.20956 0.599536 0.190904 
0.221977 0.272118 0.505906 
0.26618 0.580809 0.153011 
0.445399 0.281817 0.272784 
0.218808 0.585623 0.195568 
0.235096 0.283801 0.481103 
0.258037 0.587254 0.154709 
0.432001 0.283462 0.284537 
0.207416 0.602785 0.189799 
0.234571 0.280038 0.485391 
0.259553 0.584828 0.155619 
0.429125 0.275387 0.295488 
0.200265 0.611841 0.187894 
0.233839 0.282284 0.483877 
0.261582 0.583226 0.155192 
0.413678 0.285501 0.300821 
0.200606 0.612883 0.186511 
0.236914 0.272848 0.490238 
0.271015 0.568195 0.160789 
0.419693 0.280156 0.30015 
0.204015 0.615556 0.18043 
0.227429 0.269516 0.503055 
0.267082 0.571261 0.161657 
0.408163 0.282247 0.30959 
0.208011 0.605848 0.186141 
0.227928 0.272692 0.49938 
0.278613 0.560358 0.16103 
0.390952 0.278794 0.330254 
0.204351 0.607213 0.188436 
0.217216 0.269807 0.512977 
0.277406 0.557929 0.164665 
0.374743 0.267235 0.358022 
0.189228 0.628353 0.18242 
0.221863 0.272356 0.505781 
0.279754 0.55732 0.162926 
0.37388 0.260419 0.365701 
0.183283 0.637937 0.17878 
0.22167 0.281342 0.496988 
0.254402 0.579102 0.166496 
0.362078 0.268027 0.369895 
0.183667 0.639274 0.177059 
0.220732 0.274866 0.504402 
0.250176 0.577125 0.172699 
0.357185 0.264405 0.37841 
0.184951 0.643743 0.171306 
0.216173 0.266041 0.517787 
0.250176 0.577125 0.172699 
0.356773 0.253744 0.389484 
0.196277 0.627047 0.176676 
0.214064 0.273201 0.512735 
0.247063 0.579522 0.173416 
0.344769 0.254577 0.400654 
0.199994 0.617974 0.182032 
0.210115 0.27202 0.517864 
0.239933 0.591655 0.168412 
0.349301 0.252816 0.397883 
0.204023 0.614861 0.181115 
0.216055 0.27971 0.504235 
0.234783 0.598579 0.166638 
0.341055 0.24946 0.409485 
0.194944 0.625388 0.179668 
0.21251 0.280974 0.506515 
0.236223 0.593705 0.170072 
0.334654 0.241536 0.42381 
0.191443 0.63622 0.172338 
0.205086 0.274569 0.520345 
0.227067 0.606918 0.166015 
0.317883 0.237208 0.444909 
0.189241 0.637952 0.172807 
0.202192 0.279378 0.51843 
0.219288 0.618233 0.162479 
0.324276 0.233072 0.442652 
0.186244 0.634494 0.179262 
0.202919 0.28473 0.512351 
0.219996 0.620228 0.159776 
0.331622 0.230538 0.437839 
0.186244 0.634494 0.179262 
0.207713 0.275269 0.517018 
0.219996 0.620228 0.159776 
0.337023 0.231839 0.431138 
0.184102 0.643073 0.172825 
0.20493 0.279852 0.515217 
0.22916 0.612941 0.157899 
0.341371 0.232084 0.426545 
0.184731 0.637724 0.177544 
0.208266 0.284407 0.507327 
0.22976 0.614545 0.155695 
0.336752 0.231823 0.431425 
0.182584 0.646268 0.171148 
0.207794 0.28094 0.511266 
0.22276 0.621913 0.155327 
0.329983 0.235576 0.434441 
0.177693 0.661204 0.161103 
0.199615 0.280361 0.520024 
0.217042 0.626488 0.15647 
0.321128 0.229254 0.449618 
0.179773 0.650101 0.170126 
0.201133 0.292068 0.506799 
0.219968 0.622955 0.157076 
0.321131 0.223926 0.454943 
0.174346 0.656205 0.169449 
0.194594 0.288585 0.516821 
0.20515 0.646389 0.148461 
0.326001 0.22431 0.449689 
0.167868 0.668979 0.163153 
0.185074 0.289502 0.525423 
0.212898 0.638085 0.149017 
0.32416 0.22869 0.44715 
0.167501 0.667517 0.164981 
0.190621 0.287532 0.521847 
0.216794 0.631461 0.151744 
0.322442 0.222188 0.45537 
0.170052 0.665472 0.164476 
0.186491 0.28463 0.528879 
0.216812 0.624534 0.158654 
