10000
1
3
0.463766 0.146856 0.389378 
0.486554 0.148401 0.365044 
0.485221 0.146156 0.368623 
0.486554 0.148401 0.365044 
0.493181 0.150422 0.356397 
0.489125 0.152962 0.357913 
0.482197 0.160521 0.357281 
0.499116 0.162051 0.338833 
0.507539 0.166135 0.326326 
0.511661 0.167484 0.320855 
0.512624 0.16991 0.317465 
0.509501 0.170999 0.3195 
0.504197 0.174258 0.321545 
0.500862 0.17972 0.319418 
0.508197 0.177079 0.314724 
0.501718 0.182292 0.315989 
0.511832 0.18286 0.305308 
0.51378 0.183557 0.302663 
0.515236 0.188737 0.296027 
0.517141 0.196673 0.286186 
0.521343 0.200765 0.277892 
0.517374 0.20685 0.275777 
0.516439 0.211703 0.271859 
0.520551 0.21879 0.260659 
0.514916 0.222867 0.262217 
0.510568 0.229429 0.260003 
0.501507 0.239892 0.258601 
0.50137 0.236847 0.261783 
0.506326 0.242197 0.251477 
0.501663 0.246042 0.252295 
0.506365 0.245263 0.248372 
0.496756 0.240608 0.262636 
0.510743 0.232395 0.256862 
0.518308 0.234814 0.246878 
0.510978 0.238388 0.250635 
0.519941 0.238517 0.241541 
0.521506 0.239235 0.239259 
0.521428 0.233294 0.245279 
0.529293 0.233871 0.236836 
0.526139 0.241361 0.2325 
0.529254 0.239774 0.230972 
0.529177 0.242754 0.228069 
0.533482 0.247807 0.218711 
0.533482 0.247807 0.218711 
0.533016 0.253859 0.213125 
0.532396 0.259983 0.207621 
0.532498 0.269969 0.197533 
0.532731 0.276924 0.190346 
0.526503 0.280615 0.192883 
0.519669 0.287557 0.192774 
0.519574 0.294782 0.185645 
0.516908 0.300694 0.182398 
0.513322 0.310018 0.17666 
0.507312 0.318096 0.174592 
0.506488 0.325619 0.167893 
0.503389 0.331819 0.164793 
0.503206 0.340095 0.156699 
0.489135 0.357885 0.15298 
0.481005 0.360845 0.15815 
0.478502 0.368055 0.153443 
0.462531 0.383479 0.153989 
0.430641 0.41482 0.154539 
0.408075 0.439889 0.152036 
0.404282 0.441282 0.154436 
0.397578 0.450547 0.151875 
0.37976 0.463873 0.156367 
0.36588 0.475743 0.158377 
0.355776 0.486323 0.157901 
0.342219 0.500093 0.157688 
0.331054 0.508581 0.160365 
0.329037 0.505484 0.165479 
0.322181 0.507481 0.170338 
0.317423 0.512643 0.169933 
0.308687 0.517584 0.173729 
0.303378 0.521559 0.175063 
0.300079 0.522377 0.177544 
0.289683 0.530136 0.18018 
0.281384 0.534625 0.183992 
0.280734 0.53339 0.185876 
0.276994 0.539607 0.183399 
0.26647 0.54572 0.18781 
0.273877 0.547041 0.179083 
0.265878 0.551356 0.182766 
0.269537 0.552001 0.178462 
0.264643 0.555699 0.179658 
0.25742 0.554215 0.188365 
0.252069 0.556434 0.191497 
0.253267 0.559077 0.187656 
0.245065 0.561644 0.193291 
0.238696 0.560895 0.200409 
0.236432 0.562563 0.201005 
0.23359 0.562793 0.203616 
0.232392 0.559907 0.2077 
0.224579 0.561759 0.213662 
0.218116 0.566441 0.215443 
0.215992 0.56798 0.216029 
0.20856 0.569392 0.222048 
0.20856 0.569392 0.222048 
0.209709 0.572531 0.21776 
0.205927 0.569277 0.224796 
0.197871 0.575052 0.227076 
0.194772 0.573166 0.232061 
0.192257 0.57288 0.234863 
0.189196 0.57085 0.239955 
0.188626 0.569132 0.242242 
0.186896 0.563912 0.249192 
0.181973 0.562958 0.255068 
0.178282 0.565499 0.256219 
0.186152 0.568731 0.245117 
0.188053 0.567403 0.244544 
0.186152 0.568731 0.245117 
0.187477 0.565663 0.246861 
0.185004 0.565224 0.249772 
0.176458 0.566754 0.256788 
0.171733 0.565542 0.262725 
0.168837 0.562998 0.268165 
0.169401 0.56488 0.265719 
0.164799 0.563447 0.271754 
0.164238 0.561527 0.274235 
0.159722 0.559911 0.280368 
0.159155 0.564942 0.275903 
0.156372 0.555065 0.288562 
0.15417 0.55413 0.2917 
0.151427 0.551116 0.297457 
0.150862 0.549062 0.300076 
0.151323 0.543898 0.304779 
0.154562 0.541822 0.303616 
0.153383 0.53769 0.308928 
0.149396 0.530301 0.320304 
0.144817 0.520514 0.334669 
0.138454 0.51666 0.344885 
0.136049 0.507683 0.356268 
0.132168 0.499405 0.368427 
0.128923 0.49327 0.377807 
0.134441 0.495451 0.370108 
0.128481 0.485474 0.386044 
0.12786 0.483128 0.389011 
0.125856 0.481537 0.392607 
0.125212 0.453767 0.421021 
0.125281 0.442805 0.431915 
0.129457 0.43525 0.435293 
0.129378 0.418973 0.451649 
0.138063 0.414793 0.447144 
0.142434 0.401998 0.455568 
0.139715 0.38459 0.475695 
0.143919 0.37216 0.483921 
0.146278 0.359812 0.49391 
0.146024 0.354724 0.499253 
0.147314 0.349022 0.503664 
0.150825 0.339913 0.509262 
0.153367 0.328786 0.517847 
0.152996 0.323915 0.52309 
0.158141 0.314524 0.527334 
0.165554 0.309318 0.525128 
0.165554 0.309318 0.525128 
0.1708 0.307373 0.521827 
0.172754 0.299448 0.527798 
0.177129 0.288429 0.534442 
0.182134 0.275149 0.542717 
0.187781 0.266492 0.545727 
0.190323 0.263432 0.546245 
0.185259 0.26957 0.545171 
0.187116 0.26225 0.550635 
0.18267 0.259239 0.558092 
0.18267 0.259239 0.558092 
0.186317 0.251519 0.562164 
0.184429 0.252103 0.563468 
0.187627 0.253288 0.559085 
0.185729 0.25388 0.560391 
0.189393 0.246261 0.564346 
0.193851 0.242781 0.563368 
0.198152 0.233132 0.568715 
0.198152 0.233132 0.568715 
0.201302 0.228121 0.570578 
0.203895 0.225355 0.57075 
0.199299 0.228693 0.572008 
0.204468 0.22318 0.572352 
0.202442 0.223749 0.573809 
0.205036 0.221021 0.573943 
0.208214 0.216186 0.5756 
0.210283 0.215621 0.574096 
0.21406 0.20879 0.57715 
0.21406 0.20879 0.57715 
0.215606 0.210298 0.574096 
0.215606 0.210298 0.574096 
0.22157 0.203021 0.57541 
0.224857 0.19845 0.576693 
0.229808 0.195354 0.574838 
0.239351 0.191139 0.56951 
0.242208 0.188645 0.569148 
0.242208 0.188645 0.569148 
0.250312 0.183145 0.566543 
0.253863 0.185743 0.560394 
0.262222 0.180235 0.557542 
0.261629 0.18209 0.556281 
0.261629 0.18209 0.556281 
0.259811 0.180825 0.559364 
0.251503 0.186331 0.562166 
0.258573 0.177727 0.5637 
0.263395 0.176571 0.560034 
0.26524 0.177808 0.556952 
0.27321 0.174218 0.552572 
0.276886 0.170064 0.55305 
0.27321 0.174218 0.552572 
0.276989 0.176628 0.546383 
0.286403 0.169435 0.544161 
0.289572 0.16708 0.543347 
0.292756 0.164747 0.542497 
0.303214 0.162311 0.534475 
0.299965 0.164636 0.535399 
0.304434 0.15894 0.536626 
0.306477 0.160007 0.533516 
0.306477 0.160007 0.533516 
0.318445 0.154242 0.527313 
0.323273 0.154635 0.522091 
0.323895 0.153008 0.523096 
0.327258 0.15078 0.521962 
0.33494 0.150509 0.514551 
0.343344 0.148607 0.508049 
0.350277 0.144213 0.50551 
0.36527 0.13952 0.49521 
0.367531 0.140384 0.492085 
0.368173 0.138882 0.492945 
0.377581 0.135484 0.486935 
0.384749 0.131323 0.483928 
0.402791 0.129152 0.468057 
0.420627 0.131541 0.447832 
0.433552 0.127368 0.43908 
0.453745 0.125224 0.421031 
0.455409 0.127265 0.417326 
0.471848 0.127005 0.401147 
0.478919 0.128908 0.392173 
0.484687 0.129895 0.385418 
0.492467 0.130341 0.377192 
0.490933 0.128321 0.380746 
0.488531 0.122993 0.388475 
0.4909 0.12359 0.38551 
0.490019 0.120322 0.389659 
0.487629 0.119735 0.392635 
0.496387 0.123419 0.380194 
0.50264 0.126545 0.370814 
0.50565 0.130526 0.363824 
0.507946 0.131118 0.360936 
0.507946 0.131118 0.360936 
0.51107 0.130286 0.358644 
0.521548 0.13463 0.343823 
0.52861 0.139907 0.331483 
0.532643 0.137494 0.329863 
0.532643 0.137494 0.329863 
0.541582 0.14334 0.315078 
0.549029 0.147139 0.303832 
0.551109 0.147696 0.301195 
0.55111 0.151436 0.297454 
0.555059 0.156382 0.288559 
0.560138 0.155852 0.28401 
0.555059 0.156382 0.288559 
0.555958 0.158605 0.285436 
0.557649 0.163115 0.279236 
0.566512 0.163649 0.269839 
0.570312 0.164747 0.264941 
0.567943 0.168216 0.263841 
0.575931 0.172727 0.251342 
0.580508 0.178508 0.240984 
0.583045 0.183826 0.233129 
0.585289 0.177742 0.236969 
0.586081 0.182488 0.231431 
0.587412 0.180631 0.231957 
0.590044 0.17696 0.232996 
0.58777 0.183014 0.229215 
0.589449 0.183537 0.227014 
0.590241 0.190806 0.218953 
0.596461 0.190422 0.213117 
0.596461 0.190422 0.213117 
0.596725 0.195328 0.207947 
0.598327 0.203337 0.198336 
0.599618 0.208934 0.191448 
0.603668 0.212991 0.183341 
0.602279 0.212501 0.18522 
0.603146 0.218194 0.17866 
0.602829 0.220823 0.176348 
0.599833 0.222489 0.177679 
0.600787 0.225646 0.173567 
0.598192 0.233257 0.168551 
0.600155 0.236965 0.16288 
0.595363 0.241025 0.163612 
0.596576 0.241515 0.161909 
0.591615 0.251787 0.156598 
0.590893 0.254643 0.154464 
0.58672 0.256025 0.157256 
0.581798 0.260304 0.157898 
0.571336 0.275532 0.153132 
0.576686 0.278112 0.145202 
0.570572 0.282129 0.147299 
0.573632 0.280119 0.146249 
0.570572 0.282129 0.147299 
0.570444 0.278562 0.150994 
0.571336 0.275532 0.153132 
0.565383 0.28308 0.151537 
0.569362 0.278034 0.152603 
0.570444 0.278562 0.150994 
0.567557 0.287743 0.144701 
0.562436 0.292365 0.145199 
0.564486 0.289786 0.145728 
0.563375 0.296537 0.140088 
0.559177 0.301778 0.139044 
0.553748 0.310268 0.135984 
0.550355 0.316173 0.133472 
0.543785 0.324336 0.131878 
0.534891 0.335388 0.129721 
0.530387 0.340984 0.128629 
0.523565 0.34946 0.126975 
0.520447 0.351748 0.127806 
0.514204 0.356326 0.12947 
0.497978 0.376637 0.125384 
0.486169 0.39142 0.122411 
0.477316 0.403996 0.118689 
0.465176 0.415709 0.119115 
0.452068 0.424708 0.123224 
0.433865 0.44488 0.121256 
0.417466 0.461403 0.121131 
0.417466 0.461403 0.121131 
0.399153 0.47756 0.123287 
0.399765 0.478292 0.121942 
0.387224 0.487041 0.125735 
0.381309 0.491742 0.126948 
0.371293 0.497122 0.131586 
0.368379 0.499425 0.132196 
0.361361 0.502313 0.136326 
0.361974 0.503165 0.134861 
0.349295 0.510433 0.140272 
0.345228 0.510836 0.143937 
0.343023 0.513959 0.143018 
0.334014 0.519584 0.146402 
0.321159 0.525201 0.153639 
0.328476 0.523905 0.147619 
0.325725 0.526051 0.148224 
0.324507 0.524084 0.151408 
0.31512 0.52837 0.15651 
0.296548 0.542698 0.160755 
0.287602 0.546438 0.16596 
0.285639 0.549534 0.164827 
0.278049 0.555373 0.166578 
0.268124 0.563008 0.168868 
0.264543 0.562477 0.17298 
0.259217 0.558084 0.182698 
0.255638 0.557302 0.187061 
0.258024 0.555515 0.186461 
0.253267 0.559077 0.187656 
0.248568 0.562595 0.188837 
0.238772 0.568133 0.193095 
0.230309 0.568935 0.200756 
0.222011 0.569393 0.208596 
0.220255 0.564891 0.214854 
0.216335 0.561815 0.22185 
0.211533 0.563252 0.225215 
0.205347 0.567672 0.226982 
0.207979 0.567806 0.224215 
0.203314 0.569124 0.227562 
0.200141 0.567288 0.232571 
0.196985 0.565365 0.23765 
0.195015 0.566752 0.238233 
0.196398 0.56368 0.239922 
0.1919 0.564714 0.243385 
0.190725 0.561256 0.248019 
0.186312 0.56215 0.251538 
0.187622 0.559071 0.253307 
0.18394 0.554992 0.261068 
0.17597 0.558167 0.265864 
0.177133 0.561855 0.261013 
0.169401 0.56488 0.265719 
0.168289 0.554202 0.277509 
0.162417 0.54159 0.295993 
0.161209 0.537562 0.301229 
0.162293 0.534454 0.303254 
0.156053 0.533544 0.310402 
0.152991 0.523073 0.323936 
0.148194 0.526035 0.325771 
0.147941 0.518612 0.333447 
0.144527 0.513019 0.342454 
0.139893 0.502816 0.357291 
0.140139 0.497441 0.36242 
0.139362 0.486455 0.374183 
0.13972 0.489795 0.370485 
0.141903 0.477093 0.381004 
0.146842 0.463789 0.389369 
0.147233 0.442344 0.410423 
0.149571 0.443785 0.406644 
0.147233 0.442344 0.410423 
0.14496 0.435514 0.419526 
0.142663 0.423289 0.434048 
0.135909 0.423924 0.440167 
0.140279 0.411045 0.448676 
0.131404 0.409873 0.458723 
0.126871 0.395735 0.477394 
0.131761 0.376555 0.491684 
0.135447 0.359117 0.505436 
0.13814 0.352778 0.509083 
0.142679 0.338042 0.519279 
0.147819 0.320878 0.531303 
0.151183 0.312174 0.536643 
0.151771 0.309496 0.538732 
0.159049 0.297164 0.543787 
0.163669 0.2837 0.552631 
0.161411 0.279786 0.558803 
0.164242 0.274215 0.561542 
0.163678 0.27671 0.559612 
0.161974 0.277274 0.560752 
0.163678 0.27671 0.559612 
0.160284 0.277833 0.561883 
0.160251 0.270917 0.568832 
0.162486 0.267913 0.569601 
0.156915 0.271993 0.571092 
0.157447 0.269525 0.573028 
0.159025 0.262206 0.578769 
0.161749 0.256881 0.58137 
0.161592 0.250296 0.588112 
0.159905 0.2508 0.589295 
0.161886 0.241522 0.596592 
0.162373 0.23924 0.598388 
0.166013 0.229784 0.604203 
0.166488 0.227579 0.605933 
0.16823 0.227103 0.604667 
0.170466 0.22444 0.605093 
0.171886 0.21798 0.610133 
0.170577 0.21632 0.613103 
0.176419 0.212818 0.610763 
0.177351 0.20866 0.613989 
0.180108 0.204104 0.615788 
0.182889 0.207255 0.609856 
0.186655 0.2063 0.607046 
0.19535 0.20031 0.60434 
0.195837 0.198315 0.605848 
0.20433 0.194378 0.601292 
0.212579 0.192363 0.595058 
0.219444 0.188891 0.591665 
0.21731 0.189407 0.593283 
0.222628 0.184578 0.592794 
0.226835 0.176672 0.596493 
0.233988 0.173355 0.592657 
0.244101 0.16778 0.588118 
0.241292 0.170047 0.588661 
0.251087 0.16623 0.582683 
0.259258 0.16124 0.579502 
0.267054 0.157989 0.574957 
0.267579 0.156333 0.576088 
0.269508 0.15746 0.573032 
0.272507 0.155281 0.572212 
0.277491 0.154217 0.568291 
0.279075 0.149389 0.571536 
0.277491 0.154217 0.568291 
0.285614 0.15099 0.563397 
0.28615 0.149394 0.564456 
0.294948 0.144658 0.560395 
0.300173 0.143585 0.556242 
0.308109 0.141957 0.549934 
0.315603 0.14182 0.542577 
0.327068 0.138067 0.534864 
0.338167 0.13579 0.526043 
0.345496 0.130328 0.524176 
0.353398 0.123676 0.522926 
0.364905 0.121475 0.513619 
0.374748 0.117193 0.508059 
0.377681 0.116643 0.505675 
0.380069 0.117381 0.502551 
0.382456 0.118118 0.499426 
0.392479 0.11387 0.493651 
0.399568 0.110273 0.490159 
0.411622 0.108059 0.480319 
0.430459 0.103536 0.466005 
0.443034 0.102639 0.454327 
0.455908 0.101293 0.442799 
0.466571 0.102374 0.431055 
0.469683 0.101777 0.42854 
0.474706 0.102865 0.422429 
0.472215 0.107572 0.420213 
0.477166 0.1087 0.414134 
0.48834 0.108499 0.403162 
0.486528 0.106753 0.406718 
0.496374 0.108914 0.394712 
0.506117 0.111052 0.382831 
0.512624 0.113894 0.373482 
0.51335 0.112639 0.374011 
0.522135 0.116007 0.361858 
0.518135 0.113689 0.368176 
0.51983 0.119909 0.360261 
0.517485 0.119368 0.363147 
0.51983 0.119909 0.360261 
0.528316 0.123399 0.348285 
0.533488 0.127761 0.33875 
0.536239 0.131671 0.33209 
0.540224 0.129374 0.330402 
0.544667 0.130438 0.324895 
0.53846 0.132216 0.329323 
0.542874 0.1333 0.323825 
0.550345 0.133456 0.316199 
0.558013 0.137018 0.304969 
0.563366 0.140072 0.296562 
0.572646 0.14417 0.283183 
0.569509 0.148859 0.281632 
0.567371 0.152055 0.280575 
0.568264 0.15421 0.277526 
0.572185 0.155274 0.272541 
0.57107 0.15692 0.27201 
0.573006 0.157452 0.269542 
0.578303 0.162931 0.258766 
0.579616 0.167434 0.25295 
0.578397 0.169184 0.252418 
0.584347 0.173075 0.242578 
0.586114 0.173598 0.240289 
0.584837 0.175398 0.239765 
0.581308 0.17434 0.244352 
0.581308 0.17434 0.244352 
0.583549 0.177214 0.239237 
0.583549 0.177214 0.239237 
0.580943 0.180888 0.238169 
0.5817 0.185709 0.232591 
0.582667 0.181425 0.235908 
0.58134 0.183289 0.235371 
0.579624 0.182748 0.237628 
0.583045 0.183826 0.233129 
0.583045 0.183826 0.233129 
0.586987 0.189754 0.223258 
0.587214 0.192215 0.22057 
0.587403 0.194696 0.2179 
0.586101 0.199182 0.214717 
0.584751 0.208912 0.206337 
0.583218 0.210985 0.205797 
0.582934 0.218941 0.198125 
0.584183 0.22217 0.193648 
0.583388 0.230345 0.186267 
0.581343 0.235349 0.183308 
0.579211 0.240422 0.180367 
0.572158 0.249671 0.178171 
0.572294 0.256052 0.171654 
0.569816 0.261397 0.168787 
0.56228 0.271165 0.166555 
0.560369 0.273642 0.165989 
0.558024 0.272497 0.169479 
0.55148 0.283109 0.165411 
0.547556 0.288211 0.164234 
0.544693 0.293962 0.161346 
0.538642 0.301804 0.159553 
0.531447 0.309151 0.159402 
0.52732 0.314516 0.158164 
0.530434 0.312443 0.157122 
0.52732 0.314516 0.158164 
0.523076 0.323906 0.153018 
0.515495 0.335578 0.148927 
0.513023 0.342424 0.144553 
0.509521 0.348695 0.141783 
0.5023 0.361378 0.136323 
0.495458 0.370076 0.134466 
0.491673 0.376546 0.131781 
0.483905 0.389598 0.126497 
0.475723 0.399378 0.124899 
0.46638 0.406495 0.127125 
0.453218 0.415277 0.131505 
0.440686 0.429837 0.129477 
0.427689 0.438548 0.133763 
0.41317 0.450983 0.135847 
0.411036 0.448654 0.14031 
0.389837 0.470267 0.139896 
0.391855 0.472701 0.135445 
0.381306 0.483559 0.135135 
0.370436 0.489814 0.13975 
0.358853 0.498826 0.142321 
0.355982 0.50106 0.142958 
0.357243 0.502835 0.139922 
0.342407 0.513036 0.144557 
0.337412 0.518349 0.14424 
0.325119 0.525072 0.149809 
0.323584 0.529166 0.14725 
0.309473 0.53873 0.151797 
0.300936 0.543887 0.155177 
0.295949 0.541603 0.162448 
0.292145 0.541367 0.166488 
0.284556 0.540651 0.174793 
0.278876 0.543274 0.17785 
0.282018 0.542569 0.175413 
0.274487 0.54826 0.177253 
0.264046 0.554446 0.181507 
0.261027 0.554999 0.183974 
0.25267 0.55776 0.18957 
0.24972 0.558181 0.192099 
0.245655 0.562996 0.191349 
0.235933 0.568438 0.195629 
0.230885 0.570357 0.198758 
0.2281 0.570567 0.201332 
0.218292 0.574027 0.207681 
0.207266 0.580185 0.212549 
0.199539 0.579899 0.220562 
0.197871 0.575052 0.227077 
0.188958 0.577305 0.233737 
0.190323 0.574252 0.235425 
0.190323 0.574252 0.235425 
0.18558 0.566983 0.247437 
0.185004 0.565224 0.249772 
0.178962 0.560606 0.260433 
0.173518 0.564323 0.262159 
0.172374 0.560602 0.267024 
0.168871 0.556119 0.27501 
0.163673 0.559597 0.27673 
0.160271 0.554857 0.284871 
0.16022 0.54779 0.29199 
0.157964 0.54687 0.295166 
0.157857 0.53971 0.302433 
0.154837 0.529385 0.315779 
0.155862 0.526269 0.317869 
0.153991 0.519954 0.326055 
0.152096 0.513555 0.334349 
0.149226 0.510201 0.340573 
0.14795 0.50584 0.34621 
0.149163 0.497396 0.35344 
0.146346 0.479884 0.373771 
0.142064 0.471702 0.386235 
0.139866 0.470247 0.389887 
0.142064 0.471702 0.386235 
0.144574 0.462368 0.393059 
0.144786 0.451614 0.403601 
0.140204 0.454033 0.405763 
0.144863 0.446242 0.408895 
0.149689 0.422477 0.427834 
0.147164 0.405094 0.447742 
0.154321 0.399059 0.44662 
0.161639 0.38778 0.450581 
0.158903 0.381216 0.45988 
0.15855 0.370977 0.470473 
0.158115 0.360825 0.48106 
0.157867 0.355785 0.486348 
0.157662 0.342244 0.500094 
0.152087 0.347069 0.500844 
0.155032 0.340768 0.504201 
0.155999 0.330273 0.513728 
0.161271 0.32075 0.517979 
0.164268 0.314684 0.521048 
0.165554 0.309318 0.525128 
0.167288 0.308675 0.524037 
0.167932 0.306014 0.526054 
0.169845 0.298109 0.532046 
0.16921 0.300731 0.530059 
0.176489 0.291002 0.53251 
0.180874 0.280163 0.538962 
0.182733 0.279528 0.537739 
0.186497 0.27824 0.535263 
0.182733 0.279528 0.537739 
0.189052 0.27509 0.535858 
0.186522 0.271408 0.54207 
0.189062 0.268311 0.542626 
0.190948 0.261014 0.548038 
0.196721 0.252613 0.550667 
0.197955 0.247922 0.554123 
0.201784 0.240392 0.557824 
0.205223 0.241452 0.553324 
0.209958 0.23793 0.552112 
0.223318 0.231868 0.544813 
0.224318 0.221547 0.554135 
0.227742 0.216651 0.555606 
0.231791 0.209749 0.55846 
0.242665 0.201191 0.556144 
0.247289 0.199963 0.552748 
0.250858 0.195382 0.55376 
0.253214 0.194768 0.552018 
0.249123 0.194031 0.556847 
0.255042 0.188954 0.556004 
0.261031 0.183959 0.55501 
0.268329 0.182142 0.549528 
0.267716 0.184012 0.548272 
0.274492 0.177238 0.54827 
0.28325 0.171812 0.544939 
0.289572 0.167081 0.543347 
0.292756 0.164747 0.542497 
0.287007 0.167684 0.545309 
0.286403 0.169436 0.544161 
0.294128 0.167601 0.53827 
0.302597 0.164017 0.533386 
0.310965 0.154432 0.534603 
0.31425 0.15221 0.53354 
0.325124 0.149796 0.52508 
0.336189 0.14734 0.516471 
0.348063 0.143302 0.508634 
0.360123 0.139285 0.500592 
0.360748 0.137793 0.50146 
0.373604 0.132392 0.494003 
0.380092 0.129734 0.490173 
0.384267 0.126332 0.489401 
0.400376 0.1206 0.479024 
0.403381 0.119995 0.476623 
0.408361 0.123005 0.468634 
0.415528 0.125164 0.459308 
0.411844 0.127194 0.460962 
0.415528 0.125164 0.459308 
0.441073 0.123258 0.435669 
0.459233 0.125165 0.415602 
0.477328 0.126884 0.395787 
0.477328 0.126884 0.395787 
0.48547 0.128489 0.386041 
0.481533 0.125864 0.392604 
0.48547 0.128489 0.386041 
0.490933 0.128321 0.380746 
0.496275 0.133001 0.370724 
0.502525 0.131351 0.366124 
0.512183 0.137265 0.350552 
0.519776 0.137569 0.342655 
0.524211 0.138743 0.337046 
0.52861 0.139907 0.331483 
0.536337 0.143738 0.319926 
0.540607 0.144882 0.314511 
0.545932 0.148149 0.305919 
0.543839 0.147581 0.30858 
0.549056 0.150871 0.300073 
0.552098 0.153616 0.294286 
0.558144 0.155298 0.286559 
0.563807 0.160845 0.275349 
0.570312 0.164747 0.264942 
0.581443 0.167962 0.250595 
0.58738 0.171812 0.240808 
0.589143 0.172327 0.23853 
0.594773 0.176162 0.229065 
0.594361 0.173854 0.231786 
0.593458 0.177984 0.228559 
0.595147 0.178491 0.226362 
0.59247 0.182186 0.225344 
0.588374 0.18784 0.223786 
0.599616 0.191429 0.208955 
0.605715 0.190974 0.203311 
0.598326 0.198316 0.203357 
0.599842 0.20132 0.198838 
0.599804 0.196337 0.203859 
0.596838 0.200311 0.202851 
0.595319 0.20486 0.199821 
0.59345 0.214687 0.191863 
0.590695 0.211036 0.198269 
0.59345 0.214687 0.191863 
0.596463 0.213096 0.190441 
0.594662 0.217831 0.187508 
0.588622 0.221077 0.190302 
0.583388 0.230345 0.186267 
0.578298 0.237061 0.184641 
0.576162 0.242164 0.181674 
0.573428 0.250225 0.176348 
0.569816 0.261397 0.168787 
0.566749 0.26326 0.169991 
0.569138 0.26437 0.166492 
0.565748 0.272837 0.161414 
0.570317 0.264918 0.164765 
0.568816 0.27091 0.160274 
0.561867 0.277825 0.160307 
0.555066 0.288534 0.1564 
0.554208 0.295382 0.15041 
0.5439 0.30475 0.15135 
0.537692 0.308899 0.15341 
0.526039 0.325741 0.148221 
0.522691 0.331861 0.145448 
0.512645 0.346475 0.14088 
0.508187 0.352157 0.139655 
0.504565 0.358498 0.136937 
0.499175 0.363647 0.137178 
0.496902 0.366544 0.136554 
0.49519 0.365282 0.139528 
0.488549 0.37886 0.132591 
0.478931 0.392144 0.128925 
0.442328 0.426078 0.131594 
0.451597 0.418996 0.129407 
0.435241 0.435273 0.129486 
0.411857 0.460932 0.127211 
0.395727 0.477373 0.1269 
0.383037 0.487835 0.129128 
0.384262 0.489395 0.126343 
0.377147 0.492493 0.130361 
0.368985 0.500247 0.130768 
0.356824 0.508562 0.134614 
0.344838 0.516679 0.138483 
0.332446 0.52365 0.143904 
0.325119 0.525072 0.149809 
0.316342 0.53042 0.153238 
0.316945 0.531431 0.151624 
0.305629 0.538731 0.15564 
0.30443 0.536617 0.158953 
0.307083 0.53457 0.158347 
0.303822 0.535546 0.160632 
0.290169 0.544469 0.165362 
0.28385 0.546095 0.170055 
0.28385 0.546095 0.170055 
0.281914 0.549192 0.168894 
0.282507 0.550346 0.167147 
0.285638 0.549534 0.164827 
0.277467 0.554212 0.168321 
0.273797 0.553761 0.172442 
0.273797 0.553761 0.172442 
0.265235 0.556942 0.177823 
0.263969 0.561256 0.174776 
0.25914 0.564937 0.175922 
0.253804 0.567312 0.178884 
0.249732 0.56523 0.185038 
0.249732 0.56523 0.185038 
0.237644 0.572561 0.189795 
0.236508 0.569823 0.193669 
0.233687 0.570109 0.196204 
0.22924 0.573418 0.197343 
0.220525 0.579901 0.199574 
0.213606 0.58317 0.203223 
0.206305 0.584759 0.208936 
0.197713 0.589139 0.213148 
0.194685 0.587412 0.217904 
0.189743 0.586995 0.223261 
0.188677 0.583696 0.227627 
0.181142 0.589117 0.229741 
0.176949 0.590051 0.232999 
0.171554 0.593919 0.234527 
0.170282 0.59693 0.232788 
0.165798 0.595924 0.238278 
0.161588 0.588097 0.250315 
0.158383 0.583686 0.25793 
0.15954 0.580646 0.259814 
0.153632 0.573297 0.273071 
0.152045 0.567377 0.280578 
0.147273 0.57057 0.282157 
0.144153 0.565507 0.290339 
0.142039 0.557213 0.300748 
0.138385 0.549706 0.311909 
0.135431 0.551591 0.312978 
0.131485 0.549077 0.319438 
0.132009 0.551264 0.316727 
0.13043 0.544672 0.324898 
0.126902 0.536603 0.336496 
0.121763 0.534546 0.343691 
0.118344 0.526072 0.355585 
0.116 0.522139 0.361861 
0.114204 0.52052 0.365277 
0.112428 0.518872 0.3687 
0.10964 0.512369 0.377991 
0.109121 0.509944 0.380935 
0.107555 0.502628 0.389817 
0.105977 0.495251 0.398772 
0.104386 0.487817 0.407796 
0.101107 0.478435 0.420459 
0.100042 0.473396 0.426562 
0.0983933 0.471452 0.430155 
0.100093 0.467756 0.432151 
0.100093 0.467756 0.432151 
0.0957463 0.45307 0.451183 
0.0946738 0.451696 0.45363 
0.0934269 0.453287 0.453287 
0.0957415 0.445512 0.458746 
0.099512 0.429598 0.47089 
0.101642 0.417392 0.480967 
0.103324 0.413823 0.482853 
0.105452 0.401749 0.492799 
0.105981 0.398749 0.49527 
0.108605 0.383863 0.507532 
0.107227 0.378994 0.513779 
0.107039 0.373631 0.51933 
0.109026 0.362005 0.528969 
0.110009 0.356251 0.53374 
0.110498 0.35339 0.536112 
0.113203 0.344384 0.542413 
0.114955 0.341079 0.543966 
0.116727 0.337785 0.545488 
0.117219 0.334994 0.547787 
0.119013 0.331724 0.549263 
0.122794 0.317533 0.559673 
0.125613 0.308979 0.565408 
0.130342 0.297447 0.572211 
0.134184 0.291281 0.574535 
0.137116 0.290295 0.57259 
0.138601 0.289795 0.571604 
0.1396 0.284677 0.575723 
0.138596 0.28263 0.578774 
0.143134 0.281141 0.575724 
0.143134 0.281141 0.575724 
0.147751 0.272627 0.579622 
0.149332 0.272121 0.578547 
0.155083 0.258924 0.585993 
0.158233 0.251299 0.590468 
0.160405 0.248458 0.591137 
0.163094 0.243325 0.59358 
0.162596 0.245634 0.591769 
0.170546 0.239027 0.590428 
0.175916 0.237479 0.586605 
0.17957 0.236426 0.584004 
0.180624 0.231943 0.587433 
0.180624 0.231943 0.587433 
0.184354 0.230887 0.58476 
0.190275 0.221084 0.588641 
0.195217 0.215764 0.589019 
0.199707 0.212603 0.58769 
0.2018 0.204353 0.593847 
0.209985 0.194826 0.595189 
0.216794 0.191334 0.591873 
0.223229 0.189762 0.58701 
0.225404 0.18923 0.585366 
0.23534 0.183296 0.581364 
0.238137 0.180896 0.580967 
0.242019 0.174878 0.583102 
0.24485 0.172555 0.582594 
0.242546 0.173082 0.584372 
0.242019 0.174878 0.583102 
0.248223 0.168494 0.583283 
0.250563 0.16797 0.581468 
0.253445 0.165706 0.580849 
0.252386 0.169192 0.578423 
0.258733 0.162938 0.578329 
0.258733 0.162938 0.578329 
0.27144 0.158589 0.569971 
0.276954 0.155855 0.567191 
0.281988 0.15477 0.563242 
0.287626 0.152054 0.56032 
0.290742 0.149906 0.559353 
0.294412 0.146211 0.559377 
0.296472 0.147234 0.556294 
0.297979 0.149844 0.552177 
0.302805 0.143045 0.55415 
0.303344 0.14152 0.555136 
0.317259 0.137317 0.545424 
0.322147 0.1377 0.540153 
0.331503 0.133114 0.535383 
0.345496 0.130328 0.524176 
0.351171 0.129198 0.519631 
0.362647 0.126913 0.51044 
0.362069 0.128304 0.509627 
0.374281 0.124596 0.501123 
0.386649 0.120915 0.492435 
0.405756 0.114815 0.479429 
0.412956 0.111154 0.47589 
0.425128 0.108849 0.466023 
0.44508 0.109763 0.445157 
0.448765 0.113474 0.437761 
0.448595 0.119247 0.432158 
0.452355 0.117277 0.430368 
0.46721 0.115221 0.417569 
0.47316 0.116182 0.410658 
0.478007 0.117372 0.404621 
0.485952 0.117841 0.396207 
0.489279 0.121651 0.38907 
0.485952 0.117841 0.396207 
0.490753 0.119005 0.390242 
0.491479 0.117701 0.39082 
0.493143 0.119585 0.387272 
0.493143 0.119585 0.387272 
0.494779 0.121491 0.38373 
0.501091 0.124588 0.374321 
0.509595 0.128296 0.362108 
0.515021 0.128052 0.356928 
0.512719 0.127479 0.359802 
0.5196 0.12919 0.35121 
0.526404 0.130882 0.342714 
0.531768 0.130573 0.337658 
0.534008 0.131123 0.334868 
0.533554 0.136018 0.330428 
0.536082 0.140122 0.323796 
0.539444 0.142774 0.317782 
0.541736 0.147011 0.311253 
0.540607 0.144882 0.314511 
0.546938 0.146579 0.306483 
0.551108 0.147696 0.301195 
0.5542 0.150393 0.295407 
0.562301 0.152592 0.285107 
0.57023 0.154743 0.275026 
0.569945 0.158581 0.271474 
0.572641 0.161335 0.266024 
0.570312 0.164747 0.264942 
0.575928 0.166369 0.257703 
0.582025 0.170245 0.24773 
0.580036 0.176147 0.243817 
0.578263 0.175608 0.246129 
0.578754 0.177968 0.243278 
0.577897 0.182203 0.2399 
0.578295 0.184622 0.237083 
0.579624 0.182748 0.237628 
0.5817 0.185709 0.232591 
0.584379 0.181958 0.233662 
0.582022 0.188149 0.229829 
0.583954 0.191148 0.224898 
0.582933 0.198105 0.218962 
0.580119 0.204683 0.215198 
0.581712 0.207826 0.210461 
0.581599 0.215726 0.202676 
0.579892 0.220538 0.199571 
0.575236 0.224305 0.200459 
0.571759 0.231469 0.196772 
0.569813 0.236521 0.193666 
0.572875 0.234838 0.192288 
0.572875 0.234838 0.192288 
0.571492 0.234271 0.194237 
0.569489 0.23936 0.191151 
0.57219 0.240495 0.187316 
0.570844 0.239929 0.189226 
0.562585 0.248581 0.188834 
0.559067 0.25328 0.187653 
0.561669 0.254459 0.183872 
0.560831 0.250923 0.188245 
0.558074 0.259231 0.182695 
0.558589 0.256247 0.185164 
0.553708 0.260438 0.185854 
0.554989 0.261041 0.18397 
0.551346 0.265892 0.182763 
0.547659 0.2708 0.181541 
0.544918 0.283259 0.171823 
0.541355 0.29216 0.166484 
0.538642 0.301804 0.159553 
0.534558 0.307098 0.158344 
0.530434 0.312444 0.157122 
0.52732 0.314516 0.158164 
0.518951 0.325394 0.155654 
0.517964 0.320741 0.161295 
0.511693 0.328965 0.159342 
0.505341 0.337296 0.157364 
0.50516 0.341416 0.153423 
0.50178 0.347717 0.150504 
0.4952 0.35627 0.14853 
0.493898 0.359803 0.146299 
0.489237 0.367021 0.143742 
0.479871 0.373751 0.146378 
0.469143 0.384129 0.146728 
0.443774 0.406623 0.149603 
0.443774 0.406623 0.149603 
0.433104 0.417194 0.149702 
0.417163 0.433135 0.149702 
0.406593 0.443805 0.149603 
0.385635 0.465198 0.149167 
0.350541 0.499607 0.149852 
0.3477 0.501792 0.150507 
0.347043 0.500844 0.152113 
0.357565 0.497035 0.1454 
0.348997 0.503664 0.147339 
0.340526 0.510218 0.149256 
0.337725 0.512385 0.14989 
0.336184 0.516463 0.147353 
0.332156 0.516693 0.151151 
0.341159 0.511165 0.147676 
0.330628 0.520786 0.148586 
0.324507 0.524085 0.151408 
0.327867 0.522934 0.149199 
0.315733 0.529399 0.154867 
0.306472 0.533507 0.16002 
0.301789 0.538654 0.159557 
0.293947 0.544704 0.161349 
0.285047 0.548397 0.166555 
0.284451 0.547251 0.168298 
0.283245 0.544929 0.171826 
0.281316 0.548027 0.170656 
0.27073 0.554444 0.174826 
0.270136 0.553228 0.176637 
0.265235 0.556942 0.177823 
0.264643 0.555699 0.179658 
0.258024 0.555515 0.186461 
0.251463 0.555097 0.19344 
0.248511 0.55548 0.196009 
0.241574 0.560608 0.197818 
0.232532 0.567291 0.200177 
0.224758 0.569279 0.205963 
0.225907 0.572188 0.201905 
0.221001 0.573932 0.205067 
0.217723 0.572532 0.209745 
0.216573 0.569508 0.213919 
0.218116 0.566441 0.215443 
0.214223 0.563329 0.222447 
0.206805 0.564601 0.228594 
0.204762 0.566056 0.229183 
0.204173 0.564429 0.231398 
0.19897 0.563968 0.237063 
0.189969 0.566064 0.243967 
0.186896 0.563912 0.249192 
0.187026 0.557295 0.255679 
0.184538 0.556798 0.258664 
0.181474 0.554438 0.264088 
0.176604 0.553219 0.270178 
0.171217 0.556838 0.271945 
0.170046 0.553031 0.276923 
0.168862 0.549181 0.281957 
0.170624 0.548017 0.281359 
0.171793 0.544919 0.283288 
0.167062 0.543327 0.289611 
0.161814 0.539581 0.298605 
0.162292 0.534453 0.303254 
0.157707 0.532499 0.309794 
0.155446 0.531469 0.313084 
0.156479 0.528356 0.315165 
0.155241 0.524174 0.320586 
0.160222 0.521082 0.318695 
0.159583 0.519002 0.321415 
0.152096 0.513555 0.334349 
0.15082 0.509245 0.339935 
0.146381 0.506771 0.346848 
0.146381 0.506771 0.346848 
0.142928 0.501041 0.35603 
0.141652 0.496566 0.361782 
0.13972 0.489795 0.370485 
0.132566 0.488542 0.378892 
0.127238 0.480776 0.391987 
0.126993 0.47187 0.401137 
0.129237 0.462536 0.408227 
0.131565 0.442337 0.426099 
0.127356 0.433573 0.43907 
0.127304 0.422695 0.450001 
0.129026 0.397457 0.473517 
0.127865 0.388988 0.483147 
0.131563 0.371318 0.497119 
0.12793 0.370205 0.501864 
0.131948 0.363208 0.504844 
0.136658 0.353384 0.509958 
0.138459 0.344863 0.516678 
0.142075 0.340844 0.517081 
0.141157 0.338642 0.520201 
0.145071 0.326945 0.527984 
0.142938 0.330295 0.526767 
0.147225 0.323608 0.529167 
0.151183 0.312174 0.536643 
0.156207 0.303006 0.540787 
0.160131 0.299185 0.540684 
0.163617 0.29079 0.545593 
0.165387 0.283117 0.551496 
0.165396 0.276142 0.558462 
0.169966 0.263268 0.566765 
0.177137 0.260994 0.561869 
0.177588 0.252028 0.570385 
0.177027 0.254391 0.568582 
0.177588 0.252028 0.570385 
0.181097 0.244473 0.57443 
0.179251 0.245024 0.575725 
0.183514 0.24162 0.574866 
0.190327 0.235408 0.574265 
0.190886 0.233165 0.575949 
0.191991 0.228725 0.579284 
0.19144 0.230938 0.577622 
0.195036 0.223801 0.581163 
0.19612 0.219488 0.584392 
0.192208 0.220556 0.587235 
0.197717 0.213132 0.589151 
0.199707 0.212603 0.58769 
0.202775 0.207923 0.589303 
0.207379 0.204818 0.587803 
0.216262 0.20065 0.583087 
0.222161 0.193635 0.584203 
0.231472 0.189527 0.579001 
0.233149 0.1909 0.575951 
0.237648 0.18978 0.572572 
0.241047 0.185409 0.573545 
0.243901 0.182972 0.573127 
0.253121 0.17398 0.5729 
0.26436 0.166482 0.569158 
0.267349 0.164207 0.568443 
0.269805 0.163657 0.566538 
0.274758 0.162547 0.562695 
0.278919 0.156961 0.56412 
0.278919 0.156961 0.56412 
0.290194 0.151506 0.5583 
0.292776 0.150955 0.556269 
0.303235 0.148722 0.548043 
0.31235 0.143911 0.543739 
0.315041 0.143348 0.541611 
0.325929 0.141069 0.533002 
0.336421 0.140251 0.523328 
0.335231 0.143293 0.521476 
0.342616 0.137577 0.519807 
0.347673 0.137873 0.514454 
0.345437 0.136987 0.517576 
0.353364 0.13667 0.509966 
0.368384 0.132184 0.499432 
0.37897 0.126157 0.494873 
0.384871 0.124958 0.490171 
0.384267 0.126332 0.489401 
0.379473 0.131152 0.489375 
0.380092 0.129734 0.490174 
0.383042 0.129117 0.487841 
0.388342 0.129277 0.48238 
0.396164 0.123891 0.479946 
0.39977 0.121932 0.478298 
0.415664 0.119098 0.465238 
0.406585 0.120949 0.472466 
0.410114 0.125087 0.4648 
0.417252 0.127264 0.455484 
0.440673 0.12946 0.429866 
0.431452 0.131595 0.436954 
0.440102 0.135922 0.423976 
0.463321 0.137826 0.398853 
0.474158 0.137567 0.388275 
0.48979 0.139729 0.370481 
0.491485 0.136751 0.371764 
0.498304 0.138648 0.363048 
0.501429 0.137784 0.360787 
0.505052 0.140526 0.354422 
0.516136 0.143609 0.340255 
0.519257 0.142683 0.33806 
0.522376 0.141757 0.335867 
0.523627 0.143884 0.332489 
0.530114 0.145667 0.324219 
0.534392 0.146842 0.318766 
0.532028 0.142583 0.325389 
0.525051 0.149788 0.325161 
0.52718 0.150396 0.322424 
0.534575 0.154424 0.311002 
0.535602 0.152798 0.311599 
0.540789 0.152362 0.306849 
0.546864 0.157974 0.295163 
0.551762 0.161393 0.286845 
0.555958 0.158606 0.285436 
0.562668 0.162539 0.274793 
0.566512 0.163649 0.269839 
0.569579 0.162491 0.26793 
0.572195 0.165291 0.262514 
0.57712 0.164643 0.258237 
0.575931 0.172727 0.251342 
0.573935 0.178706 0.247359 
0.571787 0.184841 0.243372 
0.569486 0.191132 0.239382 
0.568426 0.195605 0.235968 
0.572178 0.201881 0.225941 
0.578629 0.206725 0.214646 
0.578668 0.211972 0.20936 
0.580025 0.217848 0.202127 
0.575046 0.227052 0.197903 
0.58065 0.229264 0.190086 
0.578658 0.234262 0.18708 
0.58267 0.235886 0.181444 
0.586083 0.23141 0.182507 
0.583986 0.236419 0.179595 
0.585706 0.23417 0.180124 
0.581802 0.241497 0.176701 
0.580512 0.240962 0.178526 
0.578267 0.246106 0.175627 
0.578985 0.249511 0.171503 
0.573428 0.250225 0.176348 
0.575935 0.251319 0.172746 
0.574072 0.260078 0.16585 
0.57412 0.253678 0.172202 
0.573517 0.256599 0.169884 
0.567948 0.263818 0.168234 
0.56418 0.268702 0.167118 
0.56228 0.271165 0.166555 
0.560369 0.273642 0.165989 
0.556513 0.27864 0.164847 
0.553741 0.28427 0.161988 
0.544849 0.297744 0.157407 
0.543875 0.300951 0.155174 
0.539763 0.306236 0.154001 
0.531419 0.316961 0.15162 
0.527009 0.326342 0.146649 
0.522691 0.331861 0.145448 
0.527971 0.326937 0.145092 
0.523637 0.332462 0.143901 
0.522691 0.331861 0.145448 
0.511738 0.345862 0.1424 
0.510823 0.345244 0.143933 
0.501047 0.355999 0.142954 
0.494322 0.364642 0.141036 
0.492925 0.368185 0.13889 
0.491497 0.371736 0.136767 
0.489209 0.37466 0.136131 
0.486444 0.374164 0.139392 
0.475641 0.384612 0.139747 
0.463333 0.398824 0.137843 
0.447091 0.414816 0.138094 
0.429306 0.434737 0.135957 
0.413169 0.450983 0.135847 
0.400826 0.465728 0.133446 
0.409865 0.458702 0.131433 
0.390191 0.476615 0.133194 
0.381156 0.48544 0.133404 
0.368804 0.49379 0.137406 
0.360743 0.501453 0.137805 
0.351523 0.507309 0.141168 
0.344603 0.509913 0.145484 
0.338979 0.514288 0.146732 
0.341159 0.511165 0.147676 
0.336448 0.510448 0.153104 
0.331526 0.515713 0.152761 
0.326009 0.519969 0.154022 
0.32749 0.515843 0.156668 
0.318649 0.521097 0.160254 
0.318649 0.521097 0.160254 
0.319915 0.523167 0.156918 
0.32054 0.524189 0.155272 
0.317823 0.526284 0.155893 
0.31844 0.527305 0.154255 
0.312428 0.530446 0.157126 
0.313039 0.531484 0.155477 
0.307083 0.53457 0.158347 
0.29856 0.539594 0.161846 
0.28896 0.542199 0.168841 
0.282018 0.542569 0.175413 
0.280714 0.546853 0.172433 
0.272607 0.551354 0.176039 
0.272005 0.550136 0.177859 
0.268269 0.556315 0.175416 
0.262806 0.558783 0.178411 
0.266405 0.559398 0.174197 
0.260392 0.560614 0.178995 
0.254445 0.561679 0.183875 
0.24624 0.564337 0.189422 
0.243346 0.564719 0.191935 
0.235933 0.568438 0.195629 
0.234258 0.571502 0.19424 
0.226475 0.573627 0.199898 
0.220525 0.579901 0.199574 
0.217836 0.580034 0.20213 
0.210973 0.583227 0.2058 
0.207814 0.581721 0.210465 
0.202644 0.581606 0.21575 
0.199539 0.579899 0.220562 
0.195032 0.58115 0.223818 
0.191137 0.583962 0.224901 
0.194152 0.585806 0.220041 
0.190598 0.582314 0.227088 
0.188138 0.58203 0.229832 
0.183815 0.583053 0.233132 
0.177203 0.583557 0.23924 
0.169706 0.580224 0.25007 
0.165163 0.578985 0.255853 
0.165822 0.574074 0.260105 
0.164737 0.570318 0.264945 
0.161936 0.567673 0.270392 
0.167649 0.566071 0.266279 
0.168837 0.562998 0.268165 
0.165966 0.553427 0.280607 
0.165928 0.546427 0.287645 
0.162292 0.534454 0.303254 
0.157094 0.530432 0.312473 
0.151378 0.524069 0.324553 
0.149779 0.525056 0.325165 
0.147589 0.523888 0.328522 
0.144527 0.513019 0.342454 
0.144826 0.507694 0.34748 
0.139503 0.495184 0.365313 
0.134643 0.490031 0.375326 
0.129261 0.482353 0.388387 
0.133375 0.485419 0.381206 
0.131209 0.469591 0.3992 
0.129027 0.473473 0.3975 
0.127183 0.460909 0.411908 
0.127183 0.460909 0.411908 
0.133598 0.454822 0.411581 
0.135927 0.429315 0.434758 
0.140335 0.416383 0.443282 
0.140335 0.416383 0.443282 
0.140279 0.411045 0.448676 
0.140335 0.416383 0.443282 
0.144959 0.419484 0.435557 
0.146841 0.389328 0.463831 
0.146694 0.384108 0.469197 
0.150882 0.366527 0.482591 
0.155515 0.359357 0.485128 
0.154987 0.349293 0.49572 
0.152087 0.347069 0.500844 
0.156347 0.335174 0.508479 
0.152433 0.33927 0.508298 
0.157001 0.332395 0.510605 
0.15372 0.333688 0.512592 
0.153367 0.328786 0.517847 
0.157652 0.329627 0.512722 
0.1583 0.32687 0.51483 
0.163198 0.312635 0.524167 
0.167932 0.306014 0.526054 
0.166828 0.304003 0.529169 
0.16809 0.298739 0.533171 
0.16697 0.296749 0.536281 
0.165238 0.297366 0.537396 
0.166461 0.292169 0.541371 
0.172405 0.280737 0.546858 
0.171798 0.283268 0.544934 
0.176614 0.277007 0.546379 
0.171227 0.278819 0.549954 
0.173608 0.275717 0.550675 
0.177203 0.267701 0.555096 
0.178966 0.260414 0.56062 
0.182669 0.259239 0.558092 
0.191467 0.252091 0.556442 
0.194016 0.24914 0.556844 
0.200974 0.236453 0.562573 
0.204414 0.237512 0.558074 
0.20827 0.230191 0.561539 
0.21094 0.227386 0.561674 
0.213887 0.216593 0.56952 
0.215996 0.216012 0.567992 
0.219287 0.211231 0.569482 
0.225339 0.20391 0.570751 
0.233116 0.198167 0.568717 
0.232028 0.194791 0.573181 
0.236512 0.193654 0.569834 
0.238777 0.19308 0.568144 
0.240486 0.187304 0.57221 
0.242776 0.186739 0.570484 
0.249736 0.185023 0.565241 
0.257415 0.18141 0.561175 
0.265117 0.171185 0.563698 
0.264548 0.172966 0.562486 
0.264548 0.172966 0.562486 
0.268128 0.168855 0.563017 
0.273632 0.165979 0.560389 
0.28681 0.161401 0.551789 
0.300354 0.15681 0.542836 
0.302098 0.151915 0.545987 
0.305313 0.149742 0.544945 
0.305882 0.148157 0.54596 
0.300037 0.150879 0.549084 
0.303796 0.147147 0.549057 
0.309671 0.144472 0.545857 
0.31616 0.140305 0.543535 
0.318869 0.13975 0.541382 
0.324323 0.138631 0.537047 
0.329256 0.138991 0.531753 
0.338166 0.13579 0.526043 
0.33759 0.137264 0.525146 
0.349446 0.133476 0.517078 
0.358018 0.131717 0.510265 
0.370185 0.127942 0.501873 
0.376625 0.125377 0.497998 
0.385469 0.123598 0.490933 
0.392004 0.121067 0.486929 
0.397379 0.121203 0.481418 
0.421124 0.119164 0.459712 
0.422905 0.121173 0.455921 
0.43385 0.12124 0.44491 
0.44656 0.123242 0.430198 
0.463054 0.12309 0.413855 
0.470728 0.115585 0.413686 
0.478705 0.116084 0.405212 
0.490753 0.119005 0.390242 
0.495527 0.120163 0.38431 
0.498742 0.124004 0.377253 
0.500307 0.125958 0.373735 
0.507945 0.131119 0.360936 
0.515635 0.13145 0.352915 
0.526013 0.135782 0.338205 
0.528232 0.136355 0.335413 
0.52861 0.139907 0.331483 
0.528914 0.143532 0.327554 
0.539624 0.146438 0.313939 
0.537501 0.145862 0.316637 
0.532028 0.142583 0.325389 
0.538477 0.144311 0.317212 
0.538477 0.144311 0.317212 
0.54371 0.143904 0.312387 
0.550034 0.145577 0.304389 
0.557285 0.145664 0.297051 
0.561352 0.150442 0.288206 
0.5643 0.153134 0.282566 
0.565375 0.15152 0.283105 
0.567164 0.155847 0.276988 
0.579476 0.161233 0.259291 
0.58321 0.162272 0.254518 
0.583258 0.168487 0.248255 
0.580036 0.176147 0.243817 
0.581308 0.17434 0.244351 
0.581308 0.17434 0.244351 
