10000
2
3
0.158894 0.255633 0.585473 
0.553724 0.268628 0.177648 
0.159096 0.256 0.584904 
0.554799 0.267626 0.177575 
0.159129 0.256423 0.584448 
0.555382 0.267129 0.177488 
0.159133 0.256786 0.584081 
0.556026 0.266571 0.177402 
0.159019 0.256662 0.584319 
0.556984 0.265964 0.177052 
0.159569 0.257948 0.582483 
0.558155 0.265172 0.176673 
0.159515 0.258191 0.582295 
0.558182 0.265044 0.176774 
0.159605 0.258864 0.581531 
0.559221 0.264184 0.176594 
0.159923 0.259665 0.580411 
0.560386 0.263332 0.176281 
0.160471 0.260964 0.578564 
0.561897 0.262432 0.175672 
0.160388 0.261334 0.578279 
0.562116 0.262375 0.175509 
0.160704 0.261894 0.577403 
0.562913 0.261832 0.175256 
0.160819 0.262329 0.576852 
0.563404 0.261532 0.175064 
0.161022 0.263076 0.575902 
0.5645 0.260684 0.174815 
0.161166 0.263638 0.575196 
0.565171 0.260203 0.174626 
0.161511 0.264389 0.5741 
0.56575 0.259781 0.174469 
0.161827 0.264891 0.573282 
0.566237 0.259421 0.174343 
0.162115 0.265267 0.572618 
0.567244 0.258763 0.173993 
0.162202 0.265329 0.572469 
0.567511 0.25846 0.174028 
0.162259 0.265455 0.572286 
0.567929 0.258039 0.174032 
0.162027 0.265645 0.572328 
0.568743 0.25738 0.173876 
0.162199 0.266275 0.571526 
0.569707 0.256605 0.173688 
0.162514 0.267158 0.570328 
0.570724 0.255711 0.173565 
0.162715 0.267664 0.569621 
0.571899 0.254823 0.173279 
0.163089 0.268295 0.568616 
0.572958 0.254115 0.172927 
0.163232 0.268739 0.568029 
0.573611 0.253525 0.172864 
0.1632 0.269187 0.567614 
0.574033 0.253232 0.172736 
0.163256 0.269442 0.567302 
0.57478 0.252644 0.172576 
0.163397 0.270016 0.566587 
0.575345 0.252176 0.17248 
0.163595 0.270719 0.565686 
0.575984 0.251825 0.172191 
0.163652 0.270846 0.565501 
0.577198 0.251123 0.171678 
0.163825 0.271165 0.565011 
0.578181 0.250366 0.171453 
0.163997 0.271483 0.56452 
0.57842 0.250192 0.171389 
0.164166 0.272125 0.563709 
0.579839 0.249032 0.171129 
0.164426 0.272507 0.563068 
0.580431 0.24857 0.171 
0.164504 0.273283 0.562213 
0.58117 0.247993 0.170837 
0.1647 0.273993 0.561307 
0.581856 0.247532 0.170612 
0.164753 0.274383 0.560864 
0.582221 0.247076 0.170703 
0.164922 0.2749 0.560178 
0.583316 0.246273 0.170411 
0.165144 0.275809 0.559047 
0.583642 0.246044 0.170314 
0.165428 0.276455 0.558116 
0.584026 0.245758 0.170216 
0.16565 0.277303 0.557047 
0.584563 0.245415 0.170023 
0.165992 0.278015 0.555993 
0.584166 0.245589 0.170246 
0.166074 0.278343 0.555583 
0.585743 0.24456 0.169697 
0.166302 0.278863 0.554836 
0.58731 0.243479 0.169212 
0.166409 0.279389 0.554201 
0.587698 0.24325 0.169052 
0.166405 0.279589 0.554006 
0.587772 0.243085 0.169143 
0.166685 0.280375 0.55294 
0.58897 0.242183 0.168847 
0.166817 0.281104 0.55208 
0.589561 0.241571 0.168868 
0.166845 0.281169 0.551986 
0.590206 0.241122 0.168672 
0.167096 0.281893 0.551011 
0.589642 0.241461 0.168897 
0.167379 0.282548 0.550073 
0.589948 0.241129 0.168922 
0.167337 0.282955 0.549708 
0.590883 0.240457 0.16866 
0.167337 0.282955 0.549708 
0.59122 0.240126 0.168653 
0.167493 0.283823 0.548684 
0.591277 0.240071 0.168652 
0.167451 0.284232 0.548317 
0.591316 0.23991 0.168774 
0.167403 0.284846 0.547751 
0.59167 0.239686 0.168644 
0.167558 0.285652 0.54679 
0.592657 0.238963 0.16838 
0.167735 0.285776 0.546489 
0.592939 0.2389 0.16816 
0.167787 0.286045 0.546169 
0.593251 0.238625 0.168123 
0.167879 0.286926 0.545195 
0.593216 0.238416 0.168367 
0.168067 0.287597 0.544335 
0.594145 0.237752 0.168103 
0.168286 0.288267 0.543447 
0.594552 0.237475 0.167972 
0.168509 0.2888 0.542691 
0.595446 0.236815 0.167739 
0.168674 0.289269 0.542057 
0.595909 0.236485 0.167606 
0.168919 0.290008 0.541073 
0.596329 0.236105 0.167566 
0.169156 0.290957 0.539887 
0.596823 0.235775 0.167402 
0.169198 0.291439 0.539363 
0.597463 0.235182 0.167355 
0.169292 0.292126 0.538581 
0.596905 0.235514 0.167581 
0.169569 0.292798 0.537633 
0.597038 0.235354 0.167607 
0.169758 0.294108 0.536134 
0.597586 0.234971 0.167442 
0.170049 0.295132 0.534819 
0.598964 0.234143 0.166893 
0.170489 0.296213 0.533297 
0.599979 0.233486 0.166535 
0.170662 0.297113 0.532225 
0.600351 0.233215 0.166434 
0.170573 0.297053 0.532375 
0.601222 0.232668 0.16611 
0.170525 0.297412 0.532063 
0.601679 0.232344 0.165977 
0.170819 0.298301 0.53088 
0.602714 0.23149 0.165796 
0.170842 0.299081 0.530077 
0.602953 0.231229 0.165817 
0.170844 0.299651 0.529505 
0.603495 0.230853 0.165652 
0.170994 0.30092 0.528086 
0.603268 0.231014 0.165718 
0.171191 0.301829 0.52698 
0.603355 0.230811 0.165833 
0.171265 0.302179 0.526556 
0.6042 0.23032 0.16548 
0.171458 0.302587 0.525955 
0.604914 0.229837 0.165249 
0.171634 0.303862 0.524504 
0.6054 0.229514 0.165086 
0.171911 0.304404 0.523684 
0.605778 0.229297 0.164926 
0.172026 0.305621 0.522353 
0.605886 0.229193 0.164922 
0.172237 0.306756 0.521007 
0.605983 0.229041 0.164976 
0.172638 0.307793 0.519569 
0.607254 0.228283 0.164462 
0.172771 0.308652 0.518578 
0.607717 0.227868 0.164415 
0.172408 0.308999 0.518593 
0.607824 0.227765 0.164411 
0.172531 0.309495 0.517974 
0.608737 0.227178 0.164085 
0.172804 0.310557 0.51664 
0.60954 0.226552 0.163909 
0.172878 0.31084 0.516282 
0.609989 0.226236 0.163775 
0.173075 0.311621 0.515304 
0.610577 0.225817 0.163606 
0.173209 0.312858 0.513933 
0.611548 0.225088 0.163364 
0.173419 0.313417 0.513164 
0.611504 0.225045 0.163452 
0.173388 0.313422 0.51319 
0.611672 0.224798 0.16353 
0.173587 0.314579 0.511834 
0.611469 0.224906 0.163625 
0.173806 0.315436 0.510758 
0.611586 0.224851 0.163563 
0.173805 0.315885 0.51031 
0.611445 0.224814 0.163741 
0.17398 0.316901 0.509118 
0.611616 0.224708 0.163676 
0.173973 0.317428 0.5086 
0.612136 0.224297 0.163567 
0.174083 0.318459 0.507458 
0.612753 0.223879 0.163368 
0.174232 0.318959 0.506809 
0.61302 0.223767 0.163213 
0.174335 0.319242 0.506423 
0.613106 0.223714 0.163181 
0.174607 0.320172 0.505221 
0.614106 0.22313 0.162764 
0.174776 0.321198 0.504025 
0.614041 0.223135 0.162824 
0.174691 0.322276 0.503033 
0.613361 0.223555 0.163083 
0.174882 0.322618 0.5025 
0.613718 0.223158 0.163124 
0.175048 0.32365 0.501302 
0.613851 0.222918 0.163231 
0.175149 0.324697 0.500154 
0.614486 0.222455 0.163059 
0.175255 0.325669 0.499075 
0.614303 0.222515 0.163182 
0.175526 0.326532 0.497942 
0.61564 0.221725 0.162635 
0.175813 0.32793 0.496258 
0.615628 0.22168 0.162692 
0.175869 0.329072 0.49506 
0.616514 0.221064 0.162423 
0.175997 0.329738 0.494265 
0.616339 0.221032 0.162629 
0.17604 0.32996 0.494 
0.616969 0.220574 0.162456 
0.176232 0.330613 0.493155 
0.617755 0.21997 0.162276 
0.17643 0.331187 0.492382 
0.618545 0.219501 0.161954 
0.176557 0.331855 0.491587 
0.619224 0.218997 0.161778 
0.176577 0.332316 0.491107 
0.619114 0.218962 0.161924 
0.176666 0.333383 0.489951 
0.619702 0.218601 0.161697 
0.177001 0.33416 0.488839 
0.620187 0.218338 0.161476 
0.177205 0.334657 0.488139 
0.620341 0.218192 0.161467 
0.177509 0.336065 0.486426 
0.620863 0.217837 0.1613 
0.177997 0.337509 0.484494 
0.620914 0.217789 0.161297 
0.178126 0.33873 0.483144 
0.621511 0.217252 0.161237 
0.178244 0.340035 0.481721 
0.62212 0.216761 0.161119 
0.178499 0.341229 0.480272 
0.622769 0.216397 0.160834 
0.178485 0.342258 0.479257 
0.622607 0.216412 0.160981 
0.178521 0.342801 0.478677 
0.622524 0.216463 0.161013 
0.178647 0.343401 0.477953 
0.623511 0.215809 0.160681 
0.178813 0.34391 0.477277 
0.623131 0.215973 0.160896 
0.178795 0.344945 0.476261 
0.622951 0.216033 0.161017 
0.179069 0.345901 0.47503 
0.622849 0.216129 0.161022 
0.179076 0.347251 0.473673 
0.62315 0.215928 0.160922 
0.179291 0.348146 0.472563 
0.622835 0.216086 0.161078 
0.179265 0.34975 0.470985 
0.621867 0.216695 0.161438 
0.179533 0.350711 0.469756 
0.622205 0.216403 0.161391 
0.179593 0.351815 0.468592 
0.622845 0.215911 0.161244 
0.179589 0.352378 0.468033 
0.623363 0.215561 0.161076 
0.179763 0.354092 0.466144 
0.623183 0.21562 0.161197 
0.180025 0.355058 0.464917 
0.623599 0.215367 0.161035 
0.180132 0.355992 0.463876 
0.624337 0.214782 0.160881 
0.180227 0.357011 0.462762 
0.623958 0.214945 0.161097 
0.180373 0.357611 0.462016 
0.624681 0.214321 0.160999 
0.180433 0.358643 0.460924 
0.624002 0.214683 0.161315 
0.180401 0.358896 0.460703 
0.624349 0.214522 0.161129 
0.180414 0.359783 0.459803 
0.624634 0.214282 0.161084 
0.180515 0.360966 0.458519 
0.62493 0.214169 0.160901 
0.180427 0.361401 0.458172 
0.62458 0.214415 0.161004 
0.180383 0.361741 0.457876 
0.624605 0.214199 0.161196 
0.180558 0.362089 0.457353 
0.624605 0.214199 0.161196 
0.18059 0.36281 0.4566 
0.624637 0.214196 0.161167 
0.180686 0.363999 0.455315 
0.625236 0.213799 0.160965 
0.180572 0.364853 0.454574 
0.625668 0.213503 0.160829 
0.180582 0.365013 0.454405 
0.625952 0.213264 0.160784 
0.180644 0.365726 0.453629 
0.62708 0.21248 0.16044 
0.180662 0.366292 0.453046 
0.626953 0.212408 0.16064 
0.180698 0.367424 0.451878 
0.627052 0.212314 0.160634 
0.180423 0.36875 0.450827 
0.626511 0.212492 0.160997 
0.180526 0.369369 0.450105 
0.627026 0.212064 0.16091 
0.180427 0.370308 0.449265 
0.626612 0.212397 0.160991 
0.180346 0.37157 0.448084 
0.627539 0.21172 0.160741 
0.180294 0.372166 0.447541 
0.627391 0.211776 0.160832 
0.180168 0.373283 0.446549 
0.627559 0.211509 0.160932 
0.180488 0.374318 0.445194 
0.627757 0.211406 0.160837 
0.180533 0.374878 0.444589 
0.627856 0.211313 0.160831 
0.180666 0.375901 0.443433 
0.628285 0.211022 0.160693 
0.181011 0.377173 0.441817 
0.628927 0.210668 0.160406 
0.181312 0.377882 0.440806 
0.628515 0.210916 0.160569 
0.181182 0.378759 0.440059 
0.628203 0.211071 0.160726 
0.181124 0.379361 0.439515 
0.628698 0.21069 0.160612 
0.181469 0.380383 0.438148 
0.628847 0.210551 0.160602 
0.181508 0.381361 0.437131 
0.628978 0.210455 0.160566 
0.181685 0.382449 0.435866 
0.629521 0.210112 0.160367 
0.181564 0.38283 0.435606 
0.629899 0.209786 0.160315 
0.181487 0.38394 0.434573 
0.630474 0.209359 0.160168 
0.181527 0.385086 0.433388 
0.629999 0.209611 0.16039 
0.181614 0.386711 0.431675 
0.630458 0.209237 0.160305 
0.181712 0.388249 0.430039 
0.630704 0.209089 0.160207 
0.181712 0.388832 0.429457 
0.63054 0.209106 0.160354 
0.181536 0.389157 0.429307 
0.629672 0.209561 0.160767 
0.181676 0.390595 0.427729 
0.630049 0.209318 0.160633 
0.181539 0.391821 0.426639 
0.630065 0.209358 0.160577 
0.181544 0.392737 0.425719 
0.63 0.209364 0.160636 
0.181592 0.394134 0.424274 
0.629869 0.209377 0.160754 
0.181646 0.395111 0.423243 
0.629704 0.209393 0.160902 
0.181728 0.395909 0.422363 
0.629918 0.209249 0.160833 
0.181676 0.396767 0.421556 
0.630082 0.209151 0.160767 
0.181502 0.398351 0.420147 
0.629884 0.20917 0.160945 
0.181603 0.399558 0.418839 
0.63031 0.208882 0.160807 
0.181715 0.400509 0.417775 
0.630735 0.208513 0.160751 
0.181723 0.401175 0.417102 
0.630538 0.208533 0.160929 
0.181782 0.402066 0.416151 
0.631552 0.207862 0.160587 
0.181836 0.402459 0.415705 
0.632042 0.207569 0.160389 
0.181828 0.403383 0.414789 
0.63119 0.207898 0.160912 
0.181933 0.404168 0.413898 
0.631827 0.207469 0.160704 
0.181887 0.404776 0.413337 
0.631728 0.207479 0.160793 
0.182074 0.405438 0.412488 
0.631531 0.20758 0.160888 
0.181992 0.405729 0.412279 
0.631431 0.207509 0.16106 
0.182014 0.406973 0.411013 
0.631268 0.207606 0.161126 
0.181934 0.408434 0.409632 
0.631579 0.207454 0.160967 
0.181834 0.408818 0.409347 
0.631104 0.207704 0.161192 
0.181884 0.410383 0.407733 
0.630238 0.208236 0.161526 
0.181866 0.410811 0.407323 
0.629989 0.20822 0.161791 
0.181763 0.412034 0.406203 
0.629696 0.208493 0.161811 
0.181859 0.412822 0.405319 
0.63012 0.208125 0.161755 
0.181984 0.414096 0.40392 
0.629938 0.208184 0.161878 
0.181861 0.415079 0.403059 
0.629511 0.208389 0.1621 
0.182069 0.415891 0.40204 
0.630131 0.20792 0.161948 
0.182031 0.416412 0.401557 
0.629507 0.208226 0.162268 
0.181945 0.416708 0.401347 
0.629673 0.208209 0.162117 
0.181776 0.417132 0.401093 
0.629638 0.208131 0.162231 
0.181924 0.418558 0.399518 
0.628882 0.208531 0.162587 
0.181937 0.418802 0.399261 
0.628941 0.20828 0.162779 
0.182054 0.419909 0.398037 
0.629613 0.207848 0.162539 
0.182161 0.421521 0.396319 
0.630268 0.207459 0.162272 
0.182306 0.422609 0.395085 
0.629889 0.207618 0.162493 
0.182275 0.423376 0.394349 
0.629722 0.207634 0.162643 
0.182161 0.424106 0.393733 
0.628653 0.208185 0.163162 
0.182162 0.425605 0.392233 
0.629194 0.207847 0.162958 
0.182212 0.426993 0.390795 
0.629404 0.207624 0.162972 
0.182172 0.427931 0.389897 
0.629166 0.207566 0.163269 
0.182231 0.428812 0.388957 
0.628838 0.207759 0.163403 
0.182398 0.42988 0.387721 
0.628737 0.207769 0.163494 
0.182498 0.430404 0.387098 
0.628255 0.207937 0.163808 
0.182698 0.43087 0.386432 
0.628453 0.207837 0.16371 
0.182634 0.432896 0.384469 
0.628628 0.207616 0.163755 
0.182595 0.434079 0.383326 
0.628352 0.207846 0.163802 
0.182492 0.435132 0.382375 
0.6283 0.20781 0.16389 
0.182428 0.435998 0.381574 
0.627686 0.208072 0.164242 
0.18241 0.436918 0.380672 
0.626926 0.208469 0.164605 
0.182331 0.438122 0.379547 
0.626499 0.208755 0.164746 
0.182203 0.439272 0.378525 
0.627222 0.208278 0.1645 
0.182061 0.440348 0.377591 
0.627368 0.208142 0.164491 
0.181856 0.44171 0.376434 
0.627528 0.207963 0.164509 
0.181844 0.442706 0.37545 
0.627272 0.207946 0.164782 
0.181895 0.443004 0.375101 
0.626758 0.208198 0.165044 
0.181994 0.444013 0.373993 
0.627194 0.207789 0.165016 
0.18217 0.444397 0.373433 
0.627092 0.207799 0.165109 
0.182062 0.445286 0.372652 
0.627649 0.207421 0.16493 
0.181987 0.446154 0.37186 
0.627774 0.207247 0.164979 
0.181886 0.446873 0.371241 
0.627808 0.207244 0.164948 
0.181744 0.448685 0.369572 
0.627488 0.207314 0.165198 
0.181622 0.449744 0.368634 
0.62755 0.207227 0.165223 
0.181678 0.450772 0.36755 
0.627675 0.207053 0.165272 
0.181694 0.451333 0.366973 
0.627079 0.207352 0.16557 
0.181683 0.452646 0.365671 
0.62738 0.207243 0.165377 
0.18172 0.453111 0.365169 
0.627346 0.207246 0.165408 
0.181581 0.454098 0.364321 
0.626962 0.207403 0.165635 
0.181507 0.454797 0.363696 
0.627189 0.207219 0.165591 
0.181235 0.456358 0.362407 
0.62743 0.206994 0.165576 
0.181303 0.457531 0.361166 
0.627211 0.207055 0.165734 
0.181082 0.459219 0.359699 
0.627273 0.206968 0.165759 
0.180979 0.460745 0.358276 
0.627417 0.206833 0.16575 
0.18081 0.461829 0.357361 
0.626992 0.206912 0.166095 
0.180648 0.46323 0.356122 
0.626532 0.207198 0.16627 
0.180276 0.464693 0.35503 
0.625989 0.207531 0.166479 
0.180156 0.465903 0.353941 
0.62601 0.207366 0.166624 
0.180103 0.466824 0.353073 
0.625872 0.207379 0.166749 
0.180074 0.467406 0.35252 
0.625487 0.207535 0.166978 
0.179858 0.468199 0.351943 
0.624674 0.207975 0.167352 
0.17973 0.46885 0.35142 
0.624445 0.207953 0.167601 
0.179473 0.470151 0.350375 
0.624024 0.208113 0.167863 
0.179332 0.471531 0.349137 
0.623519 0.208321 0.168161 
0.179329 0.472332 0.348339 
0.623878 0.208043 0.168079 
0.179274 0.473009 0.347717 
0.623538 0.208154 0.168308 
0.179128 0.474388 0.346484 
0.623792 0.207886 0.168322 
0.179206 0.475286 0.345508 
0.624281 0.207516 0.168203 
0.1791 0.476156 0.344744 
0.624038 0.207537 0.168426 
0.179092 0.476955 0.343953 
0.62361 0.207819 0.168571 
0.178997 0.478211 0.342792 
0.623366 0.207839 0.168795 
0.178966 0.478549 0.342484 
0.623143 0.207899 0.168957 
0.17881 0.479611 0.341579 
0.622483 0.20816 0.169357 
0.178889 0.480577 0.340533 
0.622216 0.208141 0.169643 
0.178763 0.481614 0.339623 
0.621852 0.208212 0.169937 
0.178659 0.482242 0.3391 
0.621628 0.208271 0.170101 
0.178659 0.482242 0.3391 
0.621653 0.208186 0.17016 
0.178619 0.48282 0.338561 
0.620682 0.208554 0.170764 
0.178735 0.483518 0.337748 
0.620589 0.20852 0.170891 
0.178385 0.485109 0.336506 
0.620412 0.208534 0.171054 
0.178319 0.485471 0.33621 
0.620308 0.208417 0.171274 
0.178179 0.486435 0.335386 
0.62007 0.208519 0.171411 
0.177965 0.487688 0.334348 
0.619331 0.208909 0.171761 
0.177568 0.489545 0.332888 
0.618818 0.209115 0.172067 
0.177399 0.490604 0.331996 
0.618652 0.209085 0.172262 
0.177364 0.491947 0.330689 
0.618736 0.209037 0.172227 
0.177326 0.492594 0.33008 
0.618269 0.209323 0.172408 
0.177344 0.493813 0.328843 
0.617479 0.209759 0.172762 
0.177257 0.495034 0.327709 
0.616868 0.210056 0.173076 
0.177103 0.496304 0.326593 
0.616184 0.210359 0.173457 
0.177105 0.496685 0.32621 
0.615369 0.210628 0.174003 
0.177235 0.496583 0.326182 
0.615429 0.210539 0.174032 
0.177116 0.497517 0.325367 
0.614731 0.210885 0.174384 
0.176944 0.498263 0.324793 
0.614515 0.210899 0.174586 
0.176741 0.499794 0.323465 
0.614262 0.210917 0.174822 
0.176851 0.500238 0.322911 
0.61472 0.210545 0.174734 
0.17669 0.501504 0.321806 
0.613876 0.211028 0.175096 
0.176463 0.50282 0.320717 
0.612729 0.211574 0.175698 
0.176125 0.504073 0.319802 
0.612571 0.211498 0.175931 
0.175911 0.504773 0.319315 
0.612086 0.211701 0.176213 
0.175707 0.505992 0.318301 
0.612002 0.211749 0.176249 
0.175605 0.506825 0.31757 
0.611783 0.211763 0.176454 
0.175573 0.507675 0.316752 
0.611322 0.212008 0.17667 
0.17555 0.508218 0.316233 
0.610848 0.212166 0.176985 
0.175377 0.509031 0.315592 
0.609705 0.212669 0.177626 
0.175136 0.510273 0.314591 
0.608694 0.213206 0.178099 
0.174994 0.511505 0.313501 
0.608681 0.21312 0.178199 
0.175005 0.511644 0.313351 
0.608619 0.21308 0.178301 
0.174989 0.512324 0.312687 
0.608447 0.213047 0.178507 
0.174643 0.514017 0.31134 
0.607701 0.213394 0.178904 
0.17461 0.514486 0.310903 
0.607895 0.213209 0.178896 
0.174619 0.515068 0.310313 
0.608152 0.213063 0.178785 
0.174312 0.516428 0.30926 
0.608029 0.213114 0.178857 
0.174244 0.517365 0.308392 
0.608027 0.212983 0.17899 
0.174219 0.517971 0.307811 
0.607768 0.212998 0.179234 
0.174026 0.519082 0.306892 
0.607645 0.213048 0.179306 
0.174022 0.519013 0.306965 
0.607605 0.21292 0.179475 
0.173761 0.520618 0.305621 
0.606981 0.213216 0.179803 
0.173508 0.521343 0.305149 
0.60605 0.213704 0.180245 
0.173385 0.522027 0.304587 
0.60523 0.214187 0.180582 
0.173253 0.523082 0.303666 
0.604812 0.214386 0.180802 
0.173052 0.524121 0.302828 
0.603976 0.214782 0.181242 
0.172865 0.524858 0.302277 
0.60374 0.214838 0.181422 
0.172823 0.525828 0.301349 
0.602939 0.215233 0.181828 
0.172808 0.5267 0.300492 
0.602493 0.215388 0.182119 
0.172674 0.527816 0.299509 
0.602665 0.21529 0.182044 
0.172709 0.528427 0.298865 
0.601551 0.215744 0.182704 
0.172486 0.529759 0.297755 
0.601017 0.215948 0.183035 
0.172293 0.531061 0.296646 
0.600035 0.216306 0.183659 
0.172325 0.531668 0.296007 
0.599233 0.216836 0.18393 
0.171949 0.532636 0.295415 
0.598969 0.216847 0.184184 
0.171826 0.533448 0.294726 
0.597813 0.217438 0.184749 
0.171547 0.534398 0.294055 
0.597521 0.217404 0.185076 
0.17167 0.534918 0.293412 
0.597292 0.217412 0.185295 
0.17148 0.535716 0.292804 
0.597025 0.217422 0.185552 
0.171433 0.536803 0.291764 
0.596263 0.21777 0.185966 
0.171271 0.538267 0.290462 
0.595424 0.21812 0.186456 
0.170981 0.539014 0.290005 
0.595128 0.218085 0.186787 
0.170885 0.539792 0.289324 
0.59481 0.218141 0.187048 
0.170649 0.541107 0.288244 
0.593881 0.21854 0.187579 
0.170407 0.542288 0.287305 
0.592754 0.219129 0.188116 
0.170126 0.543298 0.286576 
0.592386 0.219233 0.188381 
0.169868 0.544081 0.286051 
0.591971 0.219198 0.188831 
0.169422 0.545853 0.284725 
0.591086 0.219548 0.189366 
0.169403 0.54621 0.284387 
0.591 0.21941 0.18959 
0.169177 0.547029 0.283794 
0.590248 0.219849 0.189902 
0.169061 0.547339 0.2836 
0.589966 0.219903 0.190131 
0.168925 0.548006 0.283069 
0.589048 0.220206 0.190746 
0.169 0.548407 0.282592 
0.588725 0.22026 0.191015 
0.168937 0.549408 0.281656 
0.587726 0.220752 0.191521 
0.168656 0.550541 0.280803 
0.587246 0.220998 0.191756 
0.16845 0.551002 0.280548 
0.585734 0.22169 0.192576 
0.168118 0.552582 0.279301 
0.584918 0.222037 0.193045 
0.167711 0.553697 0.278592 
0.58411 0.222335 0.193554 
0.16743 0.55489 0.27768 
0.583617 0.222438 0.193946 
0.167004 0.556549 0.276447 
0.582422 0.222884 0.194694 
0.166749 0.557581 0.27567 
0.581622 0.223327 0.195052 
0.166605 0.558047 0.275348 
0.581086 0.223428 0.195486 
0.166291 0.559199 0.27451 
0.579907 0.22397 0.196123 
0.165776 0.561064 0.273161 
0.579243 0.224315 0.196442 
0.165637 0.561911 0.272452 
0.579111 0.224169 0.19672 
0.165469 0.56285 0.271681 
0.578326 0.224514 0.19716 
0.165151 0.563805 0.271045 
0.578085 0.224514 0.197401 
0.164805 0.564978 0.270218 
0.577397 0.224761 0.197842 
0.164374 0.56668 0.268946 
0.576659 0.225056 0.198285 
0.16397 0.568034 0.267997 
0.57605 0.225302 0.198648 
0.163768 0.568867 0.267365 
0.575875 0.225153 0.198972 
0.163567 0.569763 0.26667 
0.574669 0.225792 0.199538 
0.163394 0.570565 0.26604 
0.574637 0.225743 0.19962 
0.163279 0.571121 0.2656 
0.574825 0.225595 0.19958 
0.163106 0.571796 0.265098 
0.574536 0.225395 0.20007 
0.162904 0.572938 0.264158 
0.575058 0.224952 0.19999 
0.162905 0.573749 0.263346 
0.573941 0.22554 0.200519 
0.16273 0.575043 0.262226 
0.574635 0.225048 0.200316 
0.162643 0.575379 0.261978 
0.574611 0.224949 0.20044 
0.162262 0.576935 0.260802 
0.573591 0.225438 0.200971 
0.162029 0.577601 0.26037 
0.572946 0.225632 0.201422 
0.16159 0.579211 0.2592 
0.572659 0.22563 0.201711 
0.161355 0.580182 0.258463 
0.572577 0.225629 0.201794 
0.161032 0.5813 0.257667 
0.571799 0.225871 0.20233 
0.160737 0.582633 0.256631 
0.571151 0.226063 0.202786 
0.160617 0.583238 0.256145 
0.570371 0.226304 0.203325 
0.160699 0.583576 0.255725 
0.569139 0.226788 0.204073 
0.160348 0.584596 0.255056 
0.568676 0.226831 0.204493 
0.160052 0.585739 0.254209 
0.567878 0.22717 0.204952 
0.159757 0.586818 0.253425 
0.56712 0.22751 0.205369 
0.159404 0.587954 0.252641 
0.566661 0.227806 0.205534 
0.159227 0.588612 0.252161 
0.566746 0.227503 0.205751 
0.15873 0.590072 0.251198 
0.566225 0.227644 0.206131 
0.158636 0.590699 0.250665 
0.56557 0.227833 0.206597 
0.158369 0.591681 0.24995 
0.564224 0.228464 0.207311 
0.158072 0.59275 0.249178 
0.563477 0.228701 0.207822 
0.157831 0.593818 0.248351 
0.563177 0.228744 0.208079 
0.157337 0.595147 0.247516 
0.56261 0.228883 0.208508 
0.156891 0.59677 0.246339 
0.561308 0.229462 0.209229 
0.156684 0.597506 0.245811 
0.561306 0.229152 0.209542 
0.156465 0.598653 0.244882 
0.560815 0.229343 0.209842 
0.156177 0.599356 0.244466 
0.560184 0.229633 0.210183 
0.155701 0.601055 0.243244 
0.559347 0.229864 0.210789 
0.155662 0.601493 0.242845 
0.559554 0.22956 0.210886 
0.155138 0.60301 0.241853 
0.558801 0.229793 0.211406 
0.154951 0.603882 0.241167 
0.558284 0.229826 0.21189 
0.154652 0.604985 0.240363 
0.558418 0.229779 0.211803 
0.154264 0.606347 0.239389 
0.558033 0.229765 0.212202 
0.15397 0.607272 0.238758 
0.557095 0.230093 0.212812 
0.153821 0.60782 0.23836 
0.556295 0.230322 0.213383 
0.153722 0.608366 0.237911 
0.555526 0.230657 0.213817 
0.153424 0.609402 0.237173 
0.554336 0.231288 0.214376 
0.153043 0.610581 0.236376 
0.553534 0.231515 0.214951 
0.15266 0.611813 0.235526 
0.553238 0.231448 0.215314 
0.152319 0.613268 0.234413 
0.552509 0.231783 0.215707 
0.152186 0.614006 0.233808 
0.552395 0.231619 0.215986 
0.151779 0.615203 0.233019 
0.551812 0.231802 0.216386 
0.151533 0.616166 0.232301 
0.550876 0.23202 0.217104 
0.151224 0.616878 0.231898 
0.550184 0.232409 0.217406 
0.151042 0.617556 0.231402 
0.549783 0.232495 0.217723 
0.150866 0.618121 0.231013 
0.54988 0.232393 0.217727 
0.150742 0.618628 0.230631 
0.548984 0.232611 0.218405 
0.150476 0.619501 0.230023 
0.548915 0.232394 0.218691 
0.149955 0.621022 0.229024 
0.54768 0.232965 0.219355 
0.14953 0.622119 0.228351 
0.547417 0.23295 0.219633 
0.149247 0.623318 0.227435 
0.547478 0.232739 0.219783 
0.14901 0.624098 0.226891 
0.546521 0.233111 0.220367 
0.148906 0.624679 0.226415 
0.545977 0.233293 0.22073 
0.148741 0.62548 0.225779 
0.546314 0.232937 0.220749 
0.148398 0.626427 0.225175 
0.544843 0.233653 0.221504 
0.148107 0.627314 0.224579 
0.543614 0.23406 0.222325 
0.147839 0.628225 0.223936 
0.542514 0.234529 0.222957 
0.147453 0.629519 0.223028 
0.541412 0.234998 0.22359 
0.147278 0.630069 0.222653 
0.540553 0.235155 0.224292 
0.146987 0.631351 0.221662 
0.540242 0.235132 0.224626 
0.146586 0.632504 0.220911 
0.539367 0.235506 0.225126 
0.14647 0.633231 0.220299 
0.538962 0.235531 0.225507 
0.146126 0.634215 0.219659 
0.538282 0.235643 0.226074 
0.145677 0.63576 0.218563 
0.53732 0.235954 0.226726 
0.145274 0.636953 0.217773 
0.536419 0.235937 0.227644 
0.14511 0.637676 0.217214 
0.535825 0.236054 0.228121 
0.145032 0.637814 0.217155 
0.53496 0.236148 0.228892 
0.144782 0.638778 0.21644 
0.534784 0.236022 0.229194 
0.144388 0.639857 0.215755 
0.534103 0.235964 0.229932 
0.144032 0.641034 0.214934 
0.53337 0.236067 0.230563 
0.143773 0.64181 0.214417 
0.532772 0.236181 0.231047 
0.143604 0.642292 0.214105 
0.531803 0.236428 0.231768 
0.143253 0.643409 0.213338 
0.530838 0.236507 0.232655 
0.143068 0.644095 0.212837 
0.5308 0.236114 0.233087 
0.142963 0.644311 0.212726 
0.529691 0.236233 0.234077 
0.142568 0.645428 0.212005 
0.528248 0.236932 0.23482 
0.14225 0.646405 0.211345 
0.528529 0.236623 0.234847 
0.142424 0.646157 0.211419 
0.527227 0.237055 0.235717 
0.142159 0.647025 0.210817 
0.52681 0.237013 0.236177 
0.141828 0.647595 0.210577 
0.525878 0.237368 0.236754 
0.141644 0.648273 0.210083 
0.524993 0.237559 0.237449 
0.141556 0.648561 0.209883 
0.524386 0.237495 0.238119 
0.14126 0.649553 0.209187 
0.523406 0.237729 0.238865 
0.14076 0.650917 0.208323 
0.52303 0.237632 0.239338 
0.140473 0.651802 0.207725 
0.522841 0.237498 0.23966 
0.140353 0.652215 0.207431 
0.522654 0.237534 0.239812 
0.140225 0.652729 0.207046 
0.52153 0.237863 0.240606 
0.139923 0.653536 0.20654 
0.520827 0.238011 0.241162 
0.139752 0.654053 0.206194 
0.520216 0.238112 0.241672 
0.139342 0.65539 0.205267 
0.519649 0.238104 0.242247 
0.139456 0.655301 0.205243 
0.518847 0.238182 0.242971 
0.139298 0.655667 0.205036 
0.51795 0.238304 0.243746 
0.139138 0.656301 0.20456 
0.5171 0.23843 0.24447 
0.139124 0.656719 0.204157 
0.516294 0.238504 0.245202 
0.139019 0.657198 0.203783 
0.51493 0.238965 0.246105 
0.138729 0.658115 0.203155 
0.513284 0.239562 0.247154 
0.138501 0.659046 0.202453 
0.51294 0.239344 0.247716 
0.138161 0.660062 0.201777 
0.512137 0.239586 0.248277 
0.137886 0.661042 0.201072 
0.511417 0.239549 0.249035 
0.137847 0.661479 0.200674 
0.510982 0.239491 0.249528 
0.137273 0.663241 0.199486 
0.510688 0.239394 0.249919 
0.136948 0.6641 0.198951 
0.510161 0.239438 0.250401 
0.136815 0.66443 0.198755 
0.509734 0.239554 0.250712 
0.136775 0.664649 0.198576 
0.50906 0.239577 0.251362 
0.136482 0.665382 0.198136 
0.50894 0.239214 0.251846 
0.136291 0.665908 0.197801 
0.508121 0.239274 0.252605 
0.136009 0.666965 0.197026 
0.507037 0.239701 0.253262 
0.1358 0.667468 0.196732 
0.506212 0.2397 0.254088 
0.135763 0.667638 0.196599 
0.505707 0.239453 0.25484 
0.135427 0.668628 0.195945 
0.504463 0.239737 0.255799 
0.135201 0.669318 0.195481 
0.503451 0.239879 0.25667 
0.134889 0.670068 0.195043 
0.502448 0.240137 0.257416 
0.134528 0.670917 0.194555 
0.502007 0.240128 0.257865 
0.134217 0.67187 0.193913 
0.501096 0.24034 0.258564 
0.134037 0.672499 0.193464 
0.500036 0.240527 0.259437 
0.133888 0.673006 0.193106 
0.499675 0.240353 0.259972 
0.133738 0.673718 0.192544 
0.498593 0.240828 0.260579 
0.133446 0.674682 0.191872 
0.497693 0.241154 0.261153 
0.133114 0.67565 0.191236 
0.496698 0.241052 0.26225 
0.132881 0.676416 0.190703 
0.496125 0.240781 0.263093 
0.132791 0.676726 0.190484 
0.496394 0.24012 0.263486 
0.132635 0.677115 0.19025 
0.495982 0.239994 0.264023 
0.13239 0.677812 0.189798 
0.49505 0.240075 0.264875 
0.132092 0.678653 0.189255 
0.49396 0.24048 0.26556 
0.131891 0.679293 0.188815 
0.493272 0.240541 0.266187 
0.131558 0.680292 0.18815 
0.492251 0.24072 0.267029 
0.131204 0.681313 0.187483 
0.491187 0.24095 0.267864 
0.130994 0.682038 0.186968 
0.490556 0.241076 0.268368 
0.130704 0.682822 0.186475 
0.489482 0.241242 0.269276 
0.130466 0.683461 0.186073 
0.48885 0.24101 0.270139 
0.130282 0.683957 0.185761 
0.487477 0.241534 0.270989 
0.13 0.684843 0.185158 
0.486443 0.241642 0.271915 
0.129849 0.685373 0.184778 
0.486303 0.241378 0.27232 
0.129803 0.68562 0.184577 
0.485276 0.241544 0.27318 
0.129474 0.686597 0.18393 
0.483977 0.241896 0.274127 
0.129408 0.687019 0.183574 
0.483333 0.241953 0.274714 
0.129026 0.687981 0.182993 
0.483106 0.24179 0.275104 
0.128791 0.688609 0.1826 
0.482222 0.241919 0.275859 
0.128345 0.689835 0.18182 
0.4814 0.242118 0.276482 
0.128355 0.689896 0.181748 
0.480442 0.24211 0.277448 
0.1282 0.690312 0.181488 
0.479648 0.241893 0.278459 
0.128071 0.690658 0.181272 
0.479124 0.241789 0.279087 
0.127989 0.691056 0.180956 
0.479419 0.241191 0.27939 
0.127627 0.692021 0.180352 
0.478624 0.241271 0.280105 
0.127297 0.692872 0.179831 
0.477377 0.241379 0.281244 
0.127091 0.693421 0.179488 
0.476177 0.241732 0.28209 
0.126758 0.69431 0.178933 
0.475498 0.241892 0.28261 
0.12665 0.69448 0.17887 
0.475035 0.241856 0.28311 
0.126333 0.695238 0.178429 
0.474171 0.241856 0.283973 
0.126139 0.695841 0.178019 
0.473135 0.241758 0.285107 
0.12591 0.696596 0.177495 
0.471802 0.241955 0.286244 
0.125706 0.69728 0.177014 
0.470988 0.24196 0.287052 
0.125645 0.697499 0.176856 
0.46964 0.242088 0.288272 
0.125346 0.698265 0.176389 
0.469169 0.241805 0.289026 
0.125219 0.698743 0.176038 
0.468646 0.24175 0.289604 
0.12485 0.699665 0.175484 
0.468004 0.241848 0.290148 
0.124673 0.700274 0.175052 
0.46697 0.241798 0.291231 
0.124366 0.701116 0.174518 
0.465724 0.241939 0.292337 
0.124095 0.701805 0.1741 
0.464973 0.242009 0.293018 
0.123931 0.702047 0.174022 
0.464354 0.241988 0.293659 
0.123701 0.702684 0.173615 
0.463446 0.242261 0.294293 
0.123457 0.703303 0.17324 
0.46302 0.241981 0.294999 
0.123292 0.703822 0.172887 
0.462431 0.242085 0.295485 
0.123227 0.703937 0.172835 
0.462018 0.241868 0.296115 
0.123213 0.703921 0.172866 
0.461741 0.241381 0.296877 
0.123129 0.704062 0.172809 
0.461336 0.241407 0.297257 
0.122979 0.704594 0.172427 
0.460696 0.241316 0.297988 
0.12288 0.704857 0.172264 
0.459831 0.241351 0.298818 
0.122742 0.705168 0.17209 
0.458542 0.241344 0.300114 
0.122464 0.705928 0.171608 
0.457232 0.241449 0.30132 
0.122147 0.706872 0.17098 
0.455863 0.241716 0.302421 
0.12185 0.707788 0.170361 
0.455886 0.24124 0.302874 
0.12172 0.70792 0.17036 
0.455499 0.240964 0.303537 
0.121635 0.708331 0.170035 
0.454388 0.24123 0.304382 
0.121218 0.709428 0.169354 
0.453277 0.241314 0.30541 
0.120964 0.71015 0.168886 
0.453128 0.240975 0.305897 
0.120767 0.710798 0.168436 
0.452216 0.240686 0.307098 
0.120702 0.711044 0.168253 
0.45136 0.240589 0.308051 
0.120465 0.711643 0.167892 
0.450156 0.240881 0.308963 
0.12026 0.712232 0.167508 
0.449503 0.240773 0.309724 
0.12004 0.712937 0.167023 
0.44874 0.240816 0.310443 
0.119812 0.713585 0.166603 
0.447717 0.24085 0.311433 
0.119389 0.714644 0.165967 
0.446217 0.241176 0.312607 
0.119167 0.715249 0.165584 
0.445612 0.240895 0.313493 
0.119064 0.71567 0.165267 
0.444934 0.240714 0.314352 
0.118971 0.716012 0.165017 
0.443922 0.240622 0.315456 
0.118747 0.716522 0.164731 
0.443596 0.240414 0.315991 
0.11861 0.716857 0.164533 
0.442695 0.24035 0.316955 
0.118329 0.717567 0.164105 
0.441369 0.240408 0.318223 
0.118358 0.717687 0.163955 
0.440087 0.240595 0.319318 
0.118315 0.717993 0.163691 
0.439185 0.240524 0.320291 
0.11813 0.718451 0.163418 
0.439175 0.240041 0.320785 
0.117901 0.719122 0.162977 
0.438407 0.240066 0.321527 
0.11779 0.719483 0.162727 
0.437376 0.240075 0.322549 
0.117866 0.71926 0.162873 
0.43654 0.240198 0.323262 
0.117719 0.719668 0.162613 
0.436091 0.23995 0.323959 
0.117512 0.720184 0.162304 
0.435261 0.239653 0.325086 
0.117312 0.720751 0.161937 
0.434419 0.239471 0.326109 
0.117166 0.721156 0.161678 
0.433841 0.239305 0.326854 
0.116967 0.72172 0.161313 
0.432648 0.239437 0.327915 
0.116954 0.721706 0.16134 
0.431257 0.239448 0.329296 
0.116884 0.721889 0.161227 
0.430459 0.238973 0.330568 
0.116806 0.722021 0.161173 
0.429797 0.239135 0.331068 
0.116642 0.722447 0.160911 
0.429182 0.239011 0.331807 
0.116548 0.72269 0.160761 
0.428216 0.238782 0.333002 
0.116275 0.72347 0.160255 
0.426964 0.238882 0.334154 
0.115955 0.72428 0.159766 
0.426613 0.238775 0.334612 
0.115858 0.724646 0.159496 
0.425233 0.23907 0.335697 
0.115631 0.725211 0.159158 
0.424621 0.238822 0.336557 
0.115525 0.725649 0.158826 
0.423939 0.23879 0.337271 
0.115418 0.726086 0.158496 
0.422715 0.238947 0.338338 
0.115348 0.726266 0.158386 
0.421237 0.238722 0.34004 
0.115238 0.726528 0.158234 
0.419748 0.238847 0.341405 
0.114853 0.727592 0.157555 
0.419397 0.238616 0.341987 
0.114883 0.727582 0.157535 
0.41806 0.238605 0.343335 
0.114648 0.728212 0.15714 
0.41723 0.238456 0.344314 
0.114717 0.728034 0.157249 
0.416582 0.238009 0.34541 
0.114442 0.728745 0.156813 
0.416196 0.237824 0.345979 
0.114368 0.728959 0.156674 
0.415572 0.237563 0.346865 
0.114287 0.729122 0.156591 
0.41459 0.23742 0.347991 
0.114254 0.729254 0.156493 
0.413636 0.237461 0.348903 
0.114099 0.72963 0.156271 
0.412592 0.237294 0.350114 
0.113938 0.729957 0.156105 
0.411784 0.236849 0.351367 
0.113779 0.730368 0.155854 
0.410976 0.236639 0.352385 
0.113711 0.730544 0.155746 
0.409424 0.236589 0.353987 
0.113747 0.730583 0.15567 
0.40817 0.236518 0.355312 
0.113577 0.731064 0.155358 
0.406568 0.236794 0.356638 
0.113472 0.73149 0.155038 
0.40603 0.236727 0.357243 
0.113308 0.731934 0.154758 
0.405308 0.236477 0.358214 
0.113094 0.732528 0.154378 
0.404244 0.236695 0.35906 
0.113015 0.732773 0.154211 
0.40302 0.236561 0.360419 
0.112965 0.732925 0.154111 
0.401384 0.236512 0.362104 
0.112892 0.733134 0.153974 
0.40022 0.236392 0.363388 
0.112893 0.733217 0.15389 
0.399159 0.235953 0.364888 
0.113028 0.73287 0.154102 
0.398297 0.235409 0.366294 
0.112735 0.733623 0.153642 
0.397823 0.234948 0.367229 
0.112656 0.733783 0.153561 
0.397047 0.2349 0.368053 
0.112365 0.734615 0.153019 
0.396334 0.234468 0.369198 
0.112114 0.735282 0.152604 
0.396003 0.234002 0.369996 
0.112052 0.735419 0.152529 
0.394623 0.233847 0.37153 
0.112047 0.735454 0.152499 
0.393862 0.233627 0.372511 
0.111957 0.7356 0.152443 
0.393049 0.233502 0.373449 
0.111744 0.736102 0.152154 
0.39216 0.233519 0.374321 
0.111607 0.736561 0.151832 
0.391048 0.233682 0.375271 
0.111574 0.736687 0.151739 
0.389987 0.233746 0.376267 
0.111325 0.737429 0.151246 
0.389929 0.233436 0.376635 
0.111253 0.737552 0.151196 
0.389585 0.23325 0.377165 
0.110944 0.738425 0.150631 
0.388366 0.233193 0.378441 
0.1109 0.738538 0.150562 
0.38801 0.232601 0.379389 
0.11079 0.73882 0.150391 
0.38732 0.232512 0.380169 
0.110483 0.739687 0.14983 
0.387133 0.232156 0.380711 
0.11039 0.739946 0.149665 
0.386171 0.232019 0.38181 
0.110461 0.739824 0.149715 
0.384629 0.231716 0.383656 
0.110209 0.740427 0.149364 
0.383353 0.231906 0.384741 
0.110215 0.740473 0.149312 
0.382516 0.231809 0.385674 
0.109947 0.741176 0.148876 
0.38175 0.231568 0.386682 
0.11004 0.74092 0.14904 
0.380527 0.231204 0.38827 
0.110018 0.740976 0.149006 
0.379874 0.230723 0.389403 
0.109865 0.741286 0.14885 
0.37905 0.230287 0.390663 
0.10968 0.741798 0.148522 
0.378155 0.229992 0.391853 
0.109554 0.742017 0.148428 
0.37738 0.22991 0.39271 
0.109457 0.742306 0.148237 
0.376503 0.22973 0.393768 
0.109257 0.742837 0.147906 
0.375812 0.229622 0.394565 
0.108949 0.743642 0.147409 
0.375567 0.229357 0.395076 
0.108917 0.743763 0.14732 
0.37521 0.229326 0.395463 
0.108841 0.743916 0.147243 
0.373955 0.229158 0.396887 
0.108804 0.744071 0.147125 
0.372934 0.228802 0.398265 
0.108745 0.74428 0.146975 
0.371658 0.228674 0.399669 
0.108729 0.744302 0.14697 
0.37143 0.22836 0.400211 
0.1086 0.74463 0.14677 
0.370761 0.228198 0.401041 
0.108525 0.744938 0.146537 
0.370302 0.227736 0.401962 
0.108316 0.745528 0.146156 
0.370239 0.227381 0.402381 
0.108161 0.745864 0.145975 
0.369714 0.227058 0.403227 
0.108097 0.746027 0.145876 
0.36921 0.226689 0.404101 
0.10782 0.746654 0.145526 
0.368539 0.226525 0.404936 
0.107697 0.746946 0.145357 
0.367327 0.226573 0.406099 
0.107841 0.746678 0.145482 
0.366113 0.226291 0.407597 
0.107618 0.747283 0.145099 
0.364925 0.226287 0.408787 
0.107687 0.747166 0.145148 
0.363945 0.22615 0.409906 
0.107591 0.74737 0.145039 
0.362843 0.226121 0.411035 
0.107655 0.747208 0.145137 
0.362146 0.225665 0.412189 
0.107612 0.747393 0.144995 
0.361156 0.225193 0.413651 
0.107501 0.747695 0.144804 
0.360796 0.224987 0.414217 
0.107475 0.747781 0.144744 
0.359849 0.224585 0.415566 
0.107385 0.747952 0.144663 
0.358692 0.224147 0.417161 
0.107247 0.748263 0.14449 
0.357832 0.223887 0.41828 
0.107068 0.748756 0.144176 
0.357227 0.223363 0.41941 
0.106894 0.74914 0.143966 
0.355779 0.223271 0.42095 
0.106841 0.749387 0.143772 
0.355379 0.222782 0.42184 
0.106946 0.749121 0.143933 
0.354345 0.222389 0.423265 
0.106962 0.7491 0.143938 
0.353791 0.222097 0.424112 
0.107025 0.748864 0.144111 
0.353017 0.221605 0.425378 
0.106909 0.749271 0.143819 
0.352848 0.221271 0.425881 
0.106851 0.749626 0.143522 
0.352246 0.220906 0.426848 
0.106678 0.750084 0.143238 
0.351107 0.220776 0.428117 
0.106731 0.749838 0.143431 
0.349702 0.22037 0.429928 
0.106631 0.750072 0.143298 
0.348409 0.220061 0.43153 
0.106662 0.749954 0.143383 
0.347804 0.219691 0.432505 
0.10693 0.749371 0.143699 
0.346448 0.219349 0.434203 
0.107072 0.74903 0.143898 
0.344839 0.21889 0.436272 
0.106819 0.749594 0.143587 
0.343865 0.218302 0.437833 
0.106646 0.749976 0.143378 
0.343196 0.218104 0.4387 
0.10663 0.750148 0.143222 
0.342256 0.217835 0.439909 
0.106683 0.750053 0.143264 
0.340983 0.217463 0.441554 
0.106772 0.749884 0.143344 
0.339765 0.217365 0.44287 
0.106929 0.749372 0.143699 
0.338956 0.217147 0.443896 
0.106787 0.749788 0.143424 
0.338333 0.216813 0.444854 
0.106772 0.749885 0.143344 
0.337376 0.216375 0.446249 
0.106688 0.750097 0.143215 
0.336115 0.216195 0.44769 
0.106667 0.750075 0.143258 
0.335209 0.215826 0.448965 
0.106441 0.750626 0.142932 
0.333979 0.215554 0.450467 
0.106436 0.750583 0.142981 
0.332906 0.215252 0.451842 
0.106514 0.750479 0.143007 
0.331887 0.214776 0.453337 
0.10631 0.750976 0.142713 
0.331379 0.214293 0.454329 
0.106149 0.751367 0.142485 
0.330333 0.2139 0.455767 
0.106222 0.751219 0.142559 
0.329045 0.213344 0.457611 
0.106101 0.751579 0.14232 
0.327899 0.213045 0.459056 
0.106179 0.751475 0.142346 
0.327527 0.212579 0.459894 
0.106117 0.751633 0.142251 
0.327004 0.21238 0.460616 
0.106341 0.75101 0.142649 
0.325565 0.211841 0.462593 
0.10643 0.750767 0.142803 
0.324609 0.211386 0.464005 
0.10653 0.750459 0.143011 
0.323745 0.211117 0.465138 
0.106456 0.750532 0.143012 
0.322883 0.210846 0.466271 
0.106535 0.750352 0.143113 
0.321818 0.210524 0.467658 
0.106556 0.750299 0.143145 
0.320662 0.210013 0.469325 
0.106446 0.750596 0.142958 
0.319653 0.20976 0.470587 
0.10632 0.750914 0.142766 
0.318922 0.209265 0.471813 
0.106383 0.75068 0.142937 
0.317979 0.209039 0.472982 
0.106195 0.751156 0.142649 
0.317058 0.20845 0.474493 
0.106268 0.750934 0.142798 
0.316674 0.207984 0.475341 
0.106273 0.750977 0.14275 
0.316099 0.207427 0.476474 
0.106425 0.750575 0.143 
0.314703 0.207021 0.478276 
0.106545 0.750214 0.143241 
0.313926 0.206411 0.479663 
0.10643 0.750543 0.143027 
0.312861 0.206116 0.481024 
0.106393 0.750692 0.142915 
0.311753 0.205706 0.482542 
0.10644 0.750629 0.14293 
0.310827 0.205429 0.483744 
0.106665 0.750154 0.143181 
0.309695 0.205137 0.485168 
0.106833 0.749805 0.143362 
0.308627 0.20456 0.486812 
0.107028 0.749369 0.143603 
0.307589 0.204176 0.488236 
0.107085 0.749166 0.143749 
0.307079 0.203609 0.489312 
0.106669 0.750199 0.143131 
0.306029 0.203615 0.490356 
0.106753 0.749987 0.14326 
0.304939 0.203154 0.491906 
0.106727 0.749997 0.143276 
0.304016 0.202908 0.493076 
0.106659 0.750188 0.143153 
0.303252 0.202564 0.494184 
0.10679 0.749838 0.143372 
0.302126 0.201948 0.495925 
0.10689 0.749604 0.143506 
0.30116 0.201587 0.497254 
0.107037 0.749307 0.143656 
0.300139 0.201152 0.498709 
0.107074 0.749232 0.143694 
0.299142 0.200598 0.500261 
0.106837 0.749851 0.143312 
0.297558 0.200257 0.502185 
0.106963 0.749532 0.143505 
