1000
1
3
0.216681 0.569488 0.213831 
0.230179 0.54654 0.223281 
0.23826 0.535621 0.226119 
0.248972 0.52415 0.226878 
0.26002 0.51104 0.22894 
0.272723 0.494177 0.2331 
0.271485 0.495018 0.233497 
0.279649 0.485036 0.235314 
0.290388 0.472408 0.237203 
0.293618 0.470258 0.236124 
0.30562 0.458389 0.235991 
0.31419 0.445466 0.240344 
0.321905 0.434147 0.243948 
0.329108 0.424198 0.246694 
0.328473 0.423379 0.248149 
0.335099 0.412141 0.25276 
0.335019 0.406289 0.258692 
0.333841 0.406761 0.259398 
0.340312 0.398139 0.26155 
0.341407 0.389559 0.269034 
0.343101 0.389052 0.267846 
0.347229 0.380428 0.272342 
0.354507 0.370037 0.275456 
0.356701 0.370008 0.273291 
0.358369 0.361428 0.280203 
0.358389 0.359196 0.282415 
0.356388 0.353858 0.289754 
0.362085 0.348998 0.288917 
0.361091 0.345332 0.293577 
0.360274 0.340802 0.298924 
0.35696 0.340316 0.302724 
0.356222 0.336443 0.307335 
0.356611 0.335236 0.308153 
0.351438 0.337679 0.310884 
0.344165 0.341721 0.314114 
0.345802 0.339082 0.315116 
0.345197 0.334284 0.320519 
0.344629 0.336877 0.318494 
0.351788 0.328641 0.319571 
0.351589 0.330515 0.317896 
0.34931 0.322273 0.328417 
0.349991 0.318889 0.33112 
0.34376 0.31964 0.3366 
0.33801 0.316759 0.345231 
0.334098 0.311628 0.354274 
0.330586 0.31223 0.357184 
0.335882 0.311827 0.352291 
0.332533 0.30536 0.362107 
0.330643 0.306484 0.362873 
0.330485 0.306816 0.362699 
0.327556 0.320188 0.352256 
0.325608 0.325323 0.349069 
0.327069 0.329346 0.343585 
0.330726 0.330954 0.338319 
0.327978 0.337038 0.334984 
0.335593 0.329586 0.334822 
0.336292 0.329757 0.33395 
0.334902 0.331487 0.333611 
0.33437 0.329412 0.336218 
0.332976 0.329581 0.337443 
0.330848 0.326452 0.3427 
0.333843 0.319272 0.346885 
0.336749 0.31607 0.347182 
0.333691 0.314671 0.351638 
0.338679 0.315407 0.345914 
0.334347 0.313325 0.352329 
0.331529 0.313611 0.354861 
0.331773 0.315317 0.35291 
0.331323 0.312927 0.355751 
0.331345 0.313437 0.355219 
0.329894 0.312553 0.357553 
0.328736 0.310484 0.36078 
0.336456 0.312848 0.350695 
0.335185 0.312154 0.352661 
0.337278 0.311171 0.351551 
0.337963 0.315233 0.346804 
0.336348 0.314709 0.348943 
0.340279 0.315416 0.344305 
0.343174 0.317106 0.33972 
0.337129 0.316922 0.345949 
0.335468 0.320826 0.343706 
0.334119 0.323556 0.342325 
0.329511 0.33077 0.33972 
0.328915 0.325561 0.345524 
0.334705 0.3186 0.346696 
0.32925 0.324875 0.345875 
0.331597 0.331307 0.337096 
0.331429 0.332696 0.335875 
0.338729 0.326997 0.334274 
0.338212 0.328545 0.333243 
0.338741 0.33164 0.329619 
0.333144 0.338094 0.328762 
0.329573 0.346709 0.323718 
0.332688 0.345098 0.322214 
0.332064 0.341771 0.326165 
0.334495 0.340528 0.324978 
0.331033 0.341776 0.327191 
0.327381 0.34548 0.327139 
0.324427 0.348843 0.32673 
0.325431 0.349377 0.325191 
0.324989 0.353291 0.321719 
0.327861 0.34707 0.325069 
0.326627 0.349021 0.324352 
0.326829 0.347603 0.325568 
0.329819 0.342658 0.327522 
0.336796 0.336501 0.326703 
0.339553 0.338197 0.32225 
0.340655 0.333513 0.325832 
0.348054 0.330789 0.321157 
0.346121 0.329982 0.323897 
0.344869 0.332405 0.322726 
0.338738 0.332675 0.328587 
0.338567 0.331469 0.329964 
0.339436 0.33284 0.327724 
0.335383 0.338775 0.325841 
0.338525 0.337174 0.324301 
0.328049 0.346186 0.325765 
0.333821 0.339311 0.326867 
0.33419 0.337043 0.328766 
0.334903 0.332006 0.333091 
0.33628 0.335986 0.327735 
0.332086 0.340195 0.327719 
0.336463 0.334597 0.32894 
0.337114 0.337114 0.325771 
0.328906 0.330937 0.340157 
0.328074 0.333209 0.338717 
0.329869 0.33766 0.332471 
0.328066 0.336598 0.335336 
0.336803 0.327431 0.335766 
0.335747 0.330288 0.333965 
0.32234 0.33883 0.33883 
0.333335 0.331227 0.335439 
0.333858 0.331747 0.334395 
0.336987 0.334333 0.32868 
0.334705 0.332105 0.33319 
0.328854 0.334002 0.337144 
0.33349 0.338177 0.328334 
0.340857 0.322469 0.336673 
0.334379 0.322546 0.343075 
0.339003 0.329056 0.331941 
0.335164 0.332006 0.33283 
0.339096 0.321807 0.339096 
0.331678 0.337924 0.330399 
0.333249 0.33166 0.335091 
0.336542 0.32769 0.335768 
0.334804 0.330391 0.334804 
0.328206 0.341515 0.330278 
0.336007 0.337291 0.326702 
0.33396 0.331071 0.334969 
0.33992 0.334916 0.325164 
0.332006 0.339843 0.328152 
0.340492 0.328186 0.331322 
0.338893 0.331306 0.329801 
0.328495 0.336779 0.334726 
0.335597 0.333996 0.330408 
0.335401 0.331498 0.333101 
0.328593 0.333476 0.33793 
0.337169 0.331652 0.331179 
0.335322 0.329355 0.335322 
0.328023 0.342656 0.329321 
0.332293 0.331484 0.336224 
0.334201 0.330276 0.335523 
0.3255 0.335539 0.33896 
0.330706 0.340635 0.328659 
0.334269 0.327772 0.337959 
0.33773 0.32299 0.33928 
0.340383 0.329657 0.32996 
0.329611 0.332684 0.337705 
0.329267 0.330784 0.339949 
0.333068 0.3367 0.330232 
0.337765 0.335105 0.327131 
0.334618 0.333318 0.332064 
0.324203 0.338665 0.337132 
0.329517 0.331552 0.338931 
0.3349 0.328136 0.336964 
0.336599 0.336599 0.326802 
0.336197 0.328378 0.335424 
0.335468 0.325625 0.338907 
0.336544 0.326159 0.337298 
0.341963 0.32861 0.329426 
0.337777 0.333029 0.329194 
0.337431 0.332168 0.330401 
0.334635 0.329931 0.335434 
0.332558 0.333047 0.334396 
0.333592 0.332816 0.333592 
0.332965 0.338706 0.328329 
0.337372 0.337372 0.325257 
0.334793 0.327774 0.337433 
0.335681 0.329672 0.334647 
0.329961 0.333819 0.33622 
0.33151 0.337484 0.331006 
0.335932 0.32633 0.337738 
0.339682 0.330266 0.330053 
0.332384 0.334698 0.332918 
0.333507 0.328563 0.33793 
0.338639 0.334662 0.326699 
0.336732 0.330705 0.332563 
0.335236 0.329528 0.335236 
0.331985 0.341418 0.326597 
0.338567 0.329919 0.331514 
0.340819 0.328023 0.331158 
0.327282 0.333446 0.339272 
0.331166 0.329586 0.339248 
0.335774 0.33209 0.332136 
0.338377 0.334665 0.326957 
0.33324 0.337132 0.329629 
0.335505 0.329499 0.334995 
0.335837 0.33167 0.332493 
0.32679 0.335818 0.337392 
0.32992 0.341689 0.328391 
0.336893 0.327775 0.335332 
0.328927 0.335383 0.335691 
0.332208 0.336088 0.331704 
0.336272 0.326916 0.336812 
0.3354 0.333575 0.331024 
0.323877 0.338061 0.338061 
0.337428 0.329581 0.332991 
0.338982 0.335263 0.325755 
0.338826 0.338826 0.322349 
0.330473 0.331995 0.337532 
0.325995 0.332134 0.341871 
0.330135 0.335302 0.334563 
0.327893 0.336162 0.335945 
0.328425 0.335134 0.336441 
0.338793 0.33665 0.324557 
0.338313 0.338313 0.323374 
0.334204 0.331055 0.334741 
0.334202 0.330536 0.335262 
0.33041 0.334012 0.335578 
0.338399 0.338399 0.323203 
0.336382 0.333212 0.330406 
0.340228 0.331797 0.327976 
0.340557 0.32854 0.330903 
0.331305 0.327926 0.340769 
0.331251 0.329414 0.339335 
0.336905 0.332949 0.330145 
0.341084 0.328535 0.330381 
0.332038 0.334089 0.333873 
0.338981 0.331133 0.329886 
0.32918 0.330696 0.340124 
0.332362 0.338621 0.329017 
0.329443 0.336172 0.334384 
0.327894 0.336684 0.335422 
0.332287 0.330443 0.33727 
0.333951 0.329514 0.336535 
0.339406 0.333887 0.326707 
0.329686 0.339323 0.33099 
0.327205 0.337555 0.33524 
0.331413 0.32829 0.340298 
0.336032 0.333907 0.330062 
0.33013 0.332688 0.337182 
0.330409 0.33349 0.336101 
0.33636 0.33685 0.32679 
0.339267 0.331118 0.329615 
0.339936 0.327173 0.33289 
0.335218 0.326656 0.338126 
0.337043 0.325913 0.337043 
0.328896 0.341165 0.329939 
0.336558 0.332606 0.330837 
0.335164 0.333305 0.331532 
0.330585 0.334708 0.334708 
0.340124 0.325534 0.334342 
0.336964 0.326057 0.336979 
0.337301 0.325398 0.337301 
0.331691 0.334784 0.333524 
0.336035 0.332349 0.331616 
0.334119 0.334088 0.331792 
0.335825 0.335825 0.328351 
0.330372 0.328539 0.341089 
0.332556 0.332265 0.335179 
0.328923 0.337482 0.333595 
0.327997 0.336002 0.336002 
0.337601 0.328978 0.333421 
0.338824 0.328112 0.333064 
0.339483 0.325463 0.335054 
0.331406 0.327771 0.340823 
0.337861 0.328461 0.333678 
0.335248 0.330536 0.334216 
0.335754 0.328493 0.335754 
0.331031 0.342037 0.326933 
0.339698 0.32742 0.332882 
0.340156 0.322813 0.337032 
0.327359 0.330411 0.34223 
0.323432 0.338922 0.337646 
0.325656 0.335437 0.338907 
0.329461 0.335141 0.335399 
0.333901 0.339919 0.32618 
0.340554 0.327511 0.331935 
0.33116 0.33087 0.33797 
0.336858 0.326498 0.336645 
0.326769 0.331884 0.341347 
0.327549 0.336334 0.336117 
0.323192 0.338142 0.338666 
0.326659 0.3423 0.331041 
0.332728 0.331659 0.335614 
0.332731 0.3327 0.33457 
0.33325 0.335304 0.331446 
0.337815 0.32437 0.337815 
0.33586 0.333215 0.330925 
0.33202 0.338272 0.329708 
0.334628 0.33669 0.328682 
0.339256 0.326994 0.33375 
0.335072 0.330104 0.334824 
0.335667 0.328665 0.335667 
0.33297 0.338182 0.328848 
0.335483 0.337814 0.326703 
0.336186 0.327088 0.336726 
0.336184 0.330459 0.333357 
0.326616 0.334853 0.338531 
0.331246 0.338011 0.330743 
0.32729 0.337121 0.33559 
0.328151 0.336949 0.334899 
0.32798 0.332075 0.339945 
0.330219 0.336438 0.333343 
0.326961 0.335207 0.337832 
0.334375 0.33539 0.330235 
0.336083 0.336083 0.327834 
0.331979 0.326291 0.34173 
0.335961 0.322556 0.341482 
0.336819 0.330532 0.332649 
0.336113 0.328809 0.335078 
0.3367 0.3266 0.3367 
0.328811 0.341077 0.330112 
0.327377 0.337206 0.335417 
0.33304 0.326058 0.340902 
0.328321 0.334242 0.337437 
0.329605 0.329832 0.340563 
0.336374 0.335031 0.328596 
0.329271 0.336259 0.33447 
0.33515 0.3297 0.33515 
0.329863 0.33871 0.331427 
0.328927 0.336429 0.334644 
0.332782 0.326315 0.340904 
0.338556 0.327341 0.334103 
0.33994 0.327945 0.332115 
0.33091 0.332693 0.336398 
0.326446 0.335464 0.338091 
0.327011 0.341332 0.331656 
0.333079 0.333308 0.333614 
0.333909 0.326909 0.339182 
0.339011 0.321978 0.339011 
0.335767 0.329499 0.334734 
0.335412 0.328637 0.335951 
0.334028 0.328306 0.337666 
0.339383 0.336221 0.324396 
0.327623 0.33958 0.332797 
0.330047 0.336262 0.333691 
0.334373 0.335909 0.329718 
0.338157 0.323686 0.338157 
0.334469 0.332873 0.332658 
0.332891 0.329753 0.337356 
0.335542 0.323667 0.34079 
0.334555 0.33192 0.333525 
0.338543 0.329673 0.331785 
0.326774 0.335538 0.337688 
0.332629 0.327953 0.339418 
0.330204 0.339061 0.330735 
0.333837 0.338 0.328162 
0.337156 0.327775 0.335069 
0.333679 0.330535 0.335786 
0.333333 0.333333 0.333333 
0.33734 0.333378 0.329282 
0.330039 0.338098 0.331863 
0.330905 0.3374 0.331695 
0.333612 0.331244 0.335144 
0.33798 0.337193 0.324827 
0.328205 0.341776 0.330019 
0.328496 0.335992 0.335513 
0.335238 0.328723 0.336039 
0.334633 0.327618 0.337749 
0.339128 0.335705 0.325167 
0.332015 0.338796 0.329188 
0.327954 0.341248 0.330798 
0.329003 0.338621 0.332376 
0.332978 0.337394 0.329627 
0.335066 0.329068 0.335866 
0.337301 0.325398 0.337301 
0.328573 0.338707 0.33272 
0.330135 0.335564 0.334301 
0.335855 0.334514 0.32963 
0.332143 0.333929 0.333929 
0.341348 0.329818 0.328834 
0.330391 0.336613 0.332996 
0.326088 0.336933 0.336979 
0.331254 0.33696 0.331786 
0.335681 0.329672 0.334648 
0.332566 0.330721 0.336713 
0.333832 0.338523 0.327645 
0.332813 0.331225 0.335962 
0.328338 0.334521 0.337141 
0.334286 0.335825 0.329889 
0.33186 0.336524 0.331615 
0.335338 0.331659 0.333003 
0.33427 0.33427 0.331459 
0.332374 0.33053 0.337095 
0.329868 0.330095 0.340037 
0.339687 0.325878 0.334435 
0.337566 0.327184 0.33525 
0.32798 0.332074 0.339945 
0.329695 0.33801 0.332295 
0.326943 0.33887 0.334188 
0.328745 0.330517 0.340738 
0.337935 0.335535 0.32653 
0.335664 0.336946 0.32739 
0.338142 0.338142 0.323716 
0.332905 0.333655 0.33344 
0.336004 0.326399 0.337597 
0.332566 0.330721 0.336713 
0.339802 0.337425 0.322773 
0.32933 0.340811 0.329859 
0.342402 0.329804 0.327794 
0.332818 0.333568 0.333614 
0.329348 0.332159 0.338492 
0.328151 0.335114 0.336735 
0.330584 0.334449 0.334968 
0.337602 0.333117 0.329281 
0.332902 0.335739 0.331359 
0.337843 0.329763 0.332395 
0.324372 0.336735 0.338893 
0.322852 0.338574 0.338574 
0.337077 0.33364 0.329283 
0.338967 0.334238 0.326795 
0.326172 0.338339 0.33549 
0.331272 0.332537 0.33619 
0.333475 0.339485 0.327039 
0.340919 0.325785 0.333296 
0.338253 0.325552 0.336195 
0.325666 0.33414 0.340194 
0.331992 0.340893 0.327115 
0.335324 0.328551 0.336125 
0.327984 0.332598 0.339418 
0.337866 0.332596 0.329538 
0.338366 0.332604 0.329031 
0.32539 0.340969 0.333641 
0.327631 0.334323 0.338046 
0.329343 0.331376 0.339281 
0.338841 0.322319 0.338841 
0.33297 0.328803 0.338228 
0.333995 0.326737 0.339269 
0.331424 0.329328 0.339248 
0.340187 0.336455 0.323357 
0.33773 0.338226 0.324045 
0.337215 0.335642 0.327144 
0.334245 0.340003 0.325752 
0.338822 0.327854 0.333323 
0.338456 0.331137 0.330407 
0.325478 0.340529 0.333993 
0.329911 0.327825 0.342265 
0.333066 0.329927 0.337007 
0.337301 0.325398 0.337301 
0.325226 0.339473 0.335302 
0.328486 0.339142 0.332372 
0.340481 0.32613 0.333389 
0.333163 0.331833 0.335004 
0.330064 0.333923 0.336013 
0.334767 0.339737 0.325496 
0.339001 0.332413 0.328585 
0.3367 0.334607 0.328693 
0.324973 0.338675 0.336352 
0.333759 0.329324 0.336917 
0.330652 0.333474 0.335873 
0.326791 0.335818 0.337392 
0.328406 0.338002 0.333592 
0.336772 0.323587 0.339642 
0.343544 0.326283 0.330174 
0.330616 0.328525 0.340859 
0.327946 0.328942 0.343112 
0.328053 0.339494 0.332453 
0.329961 0.336174 0.333865 
0.328853 0.333478 0.337669 
0.334639 0.334607 0.330754 
0.334466 0.334434 0.3311 
0.334617 0.331499 0.333884 
0.325419 0.33729 0.33729 
0.334292 0.331141 0.334567 
0.334409 0.325104 0.340487 
0.331771 0.329158 0.339072 
0.333673 0.336784 0.329542 
0.334358 0.332798 0.332844 
0.32234 0.33883 0.33883 
0.33273 0.335046 0.332224 
0.334467 0.334174 0.33136 
0.329611 0.337659 0.33273 
0.333685 0.334694 0.33162 
0.3367 0.3266 0.3367 
0.332812 0.336177 0.331011 
0.337326 0.327173 0.335501 
0.336643 0.330101 0.333256 
0.328943 0.334875 0.336182 
0.336882 0.336587 0.326531 
0.336519 0.335735 0.327746 
0.327807 0.337122 0.335071 
0.334515 0.325207 0.340278 
0.336035 0.332349 0.331616 
0.334972 0.328205 0.336823 
0.334216 0.330033 0.335751 
0.337457 0.337457 0.325085 
0.329789 0.335737 0.334474 
0.329096 0.337132 0.333771 
0.324202 0.339194 0.336604 
0.332367 0.327951 0.339682 
0.337511 0.334069 0.328421 
0.338145 0.337885 0.323971 
0.331296 0.341509 0.327195 
0.333078 0.332787 0.334135 
0.336195 0.32812 0.335685 
0.336704 0.329423 0.333873 
0.332128 0.330286 0.337586 
0.338136 0.339954 0.32191 
0.341699 0.330157 0.328145 
0.332123 0.332611 0.335266 
0.332124 0.333132 0.334743 
0.334546 0.336082 0.329373 
0.339667 0.326404 0.333929 
0.327872 0.329897 0.342231 
0.334816 0.33166 0.333524 
0.33428 0.329067 0.336653 
0.330494 0.333055 0.336451 
0.336796 0.332357 0.330848 
0.329525 0.332857 0.337618 
0.325419 0.33729 0.33729 
0.333947 0.332874 0.333179 
0.332678 0.341064 0.326258 
0.333585 0.32941 0.337005 
0.336034 0.333387 0.330579 
0.335835 0.333746 0.330419 
0.326688 0.338341 0.334972 
0.326427 0.334659 0.338915 
0.330321 0.33288 0.3368 
0.334518 0.338954 0.326528 
0.340806 0.325712 0.333482 
0.329352 0.332943 0.337704 
0.325924 0.334144 0.339932 
0.335216 0.338341 0.326443 
0.334542 0.336603 0.328855 
0.339584 0.32709 0.333326 
0.328668 0.334857 0.336476 
0.330228 0.331748 0.338023 
0.339389 0.335701 0.324909 
0.325904 0.340709 0.333387 
0.332458 0.330098 0.337444 
0.328837 0.333723 0.33744 
0.333344 0.329945 0.336711 
0.337372 0.337372 0.325257 
0.332728 0.331658 0.335614 
0.330438 0.341424 0.328137 
0.331927 0.329056 0.339017 
0.332992 0.333221 0.333787 
0.335944 0.32993 0.334126 
0.334119 0.334606 0.331274 
0.338157 0.323686 0.338157 
0.334178 0.33835 0.327472 
0.331081 0.336788 0.332131 
0.329872 0.337135 0.332993 
0.332646 0.334173 0.33318 
0.3367 0.3266 0.3367 
0.330375 0.339236 0.330389 
0.331146 0.339758 0.329096 
0.337319 0.3264 0.336281 
0.337729 0.324541 0.337729 
0.333324 0.337221 0.329455 
0.336438 0.342769 0.320794 
0.340665 0.331963 0.327372 
0.33489 0.336169 0.32894 
0.337694 0.331131 0.331176 
0.338019 0.330968 0.331013 
0.33134 0.337048 0.331613 
0.339379 0.324095 0.336525 
0.332697 0.326486 0.340817 
0.334815 0.333739 0.331446 
0.332706 0.328542 0.338752 
0.337757 0.331228 0.331015 
0.32935 0.338444 0.332206 
0.33341 0.329237 0.337354 
0.334625 0.326842 0.338533 
0.34012 0.329402 0.330478 
0.324372 0.336472 0.339157 
0.321998 0.339001 0.339001 
0.337343 0.33027 0.332387 
0.336296 0.330792 0.332912 
0.335946 0.330448 0.333606 
0.335322 0.329355 0.335322 
0.331775 0.335917 0.332308 
0.330566 0.333648 0.335786 
0.332143 0.333929 0.333929 
0.341788 0.329469 0.328743 
0.330479 0.335914 0.333606 
0.329268 0.337308 0.333424 
0.334642 0.331747 0.333612 
0.335837 0.332967 0.331196 
0.330903 0.337921 0.331176 
0.33751 0.328376 0.334114 
0.337143 0.329852 0.333005 
0.325744 0.336315 0.337941 
0.326621 0.33669 0.33669 
0.337163 0.328807 0.334031 
0.336645 0.330877 0.332477 
0.333339 0.333829 0.332833 
0.333333 0.333333 0.333333 
0.329866 0.331903 0.338231 
0.331246 0.330697 0.338057 
0.32567 0.334928 0.339402 
0.327029 0.338434 0.334537 
0.325401 0.338592 0.336007 
0.329414 0.328355 0.342232 
0.335251 0.333131 0.331618 
0.334377 0.334869 0.330754 
0.334962 0.334962 0.330076 
0.329351 0.332682 0.337967 
0.329523 0.338097 0.332381 
0.334456 0.336517 0.329027 
0.340815 0.332145 0.32704 
0.329356 0.336609 0.334035 
0.337343 0.3326 0.330057 
0.335599 0.331399 0.333002 
0.334285 0.331429 0.334285 
0.331058 0.339933 0.329009 
0.332199 0.330356 0.337445 
0.330126 0.331905 0.337969 
0.327292 0.336592 0.336116 
0.336528 0.326944 0.336528 
0.329272 0.335734 0.334994 
0.329962 0.335912 0.334126 
0.329519 0.338882 0.331599 
0.336122 0.331397 0.33248 
0.337132 0.337623 0.325245 
0.336819 0.330531 0.332649 
0.338499 0.323002 0.338499 
0.337424 0.328548 0.334028 
0.339846 0.324253 0.335901 
0.339661 0.325633 0.334706 
0.330267 0.328435 0.341298 
0.334689 0.325122 0.340189 
0.341276 0.326381 0.332344 
0.337931 0.330107 0.331962 
0.326336 0.340096 0.333568 
0.334349 0.327083 0.338568 
0.336983 0.328119 0.334898 
0.335915 0.328907 0.335178 
0.32729 0.335281 0.337429 
0.331518 0.335652 0.33283 
0.337129 0.325741 0.337129 
0.329555 0.343186 0.327259 
0.330967 0.340371 0.328662 
0.33848 0.331125 0.330395 
0.337937 0.335276 0.326787 
0.336685 0.336685 0.32663 
0.327979 0.335987 0.336033 
0.319684 0.340265 0.34005 
0.327847 0.328072 0.344081 
0.336995 0.330962 0.332043 
0.331922 0.328536 0.339542 
0.33497 0.326413 0.338617 
0.338409 0.337621 0.323971 
0.329476 0.342832 0.327693 
0.330979 0.329915 0.339107 
0.32979 0.334951 0.335259 
0.333335 0.335651 0.331014 
0.336175 0.324785 0.33904 
0.340845 0.328782 0.330372 
0.33713 0.327528 0.335341 
0.325741 0.335263 0.338996 
0.331951 0.334784 0.333264 
0.333333 0.333333 0.333333 
0.332817 0.334872 0.332311 
0.326082 0.332223 0.341695 
0.334626 0.336692 0.328681 
0.330099 0.341074 0.328826 
0.336891 0.327517 0.335592 
0.337246 0.320768 0.341986 
0.341166 0.32399 0.334843 
0.340273 0.325202 0.334524 
0.331243 0.328634 0.340123 
0.33045 0.340375 0.329175 
0.33874 0.33874 0.32252 
0.329174 0.331984 0.338842 
0.332103 0.32923 0.338667 
0.327214 0.333636 0.339151 
0.328907 0.340111 0.330983 
0.327802 0.3387 0.333499 
0.331663 0.328794 0.339543 
0.337729 0.324541 0.337729 
0.333408 0.337569 0.329023 
0.334788 0.337909 0.327302 
0.3378 0.3378 0.3244 
0.332207 0.336091 0.331702 
0.328234 0.337828 0.333938 
0.329616 0.333991 0.336394 
0.329634 0.335054 0.335312 
0.33548 0.338075 0.326445 
0.335334 0.330103 0.334563 
0.335141 0.332537 0.332323 
0.326174 0.338072 0.335754 
0.326268 0.333973 0.339759 
0.333421 0.33548 0.331099 
0.33621 0.331483 0.332307 
0.335835 0.333746 0.330419 
0.32765 0.335126 0.337223 
0.338446 0.336568 0.324986 
0.335307 0.335307 0.329385 
0.330466 0.330952 0.338582 
0.325313 0.335607 0.33908 
0.328752 0.333897 0.337352 
0.329442 0.337218 0.333339 
0.334378 0.330968 0.334654 
0.333512 0.33218 0.334308 
0.333333 0.333333 0.333333 
0.332558 0.333568 0.333874 
0.327721 0.33651 0.335769 
0.330136 0.335823 0.334041 
0.339108 0.323583 0.337309 
0.329145 0.327831 0.343023 
0.334019 0.33687 0.329111 
0.339198 0.337089 0.323713 
0.324867 0.342288 0.332845 
0.327443 0.331789 0.340767 
0.326783 0.333718 0.339499 
0.333139 0.338617 0.328244 
0.332638 0.336523 0.330838 
0.33764 0.323914 0.338446 
0.337658 0.327785 0.334557 
0.330389 0.332429 0.337183 
0.328167 0.334869 0.336964 
0.335211 0.338861 0.325928 
0.337583 0.326399 0.336018 
0.335501 0.326931 0.337568 
0.339332 0.330183 0.330486 
0.328913 0.339321 0.331766 
0.331685 0.336876 0.331439 
0.335566 0.335566 0.328868 
0.330128 0.332166 0.337707 
0.331337 0.331305 0.337358 
0.332903 0.334959 0.332138 
0.33349 0.33349 0.333019 
0.334231 0.323917 0.341853 
0.33952 0.326993 0.333488 
0.339705 0.329222 0.331073 
0.33653 0.329509 0.333961 
0.327891 0.334588 0.337522 
0.33257 0.331501 0.335929 
0.33973 0.336301 0.323968 
0.334543 0.336345 0.329112 
0.338891 0.33234 0.32877 
0.324647 0.337547 0.337807 
0.331558 0.341245 0.327197 
0.3376 0.328719 0.333681 
0.331507 0.328896 0.339597 
0.338913 0.328455 0.332632 
0.334117 0.328392 0.337491 
0.337601 0.333376 0.329023 
0.337457 0.337457 0.325085 
0.337692 0.330096 0.332211 
0.339944 0.331037 0.329019 
0.329013 0.335733 0.335254 
0.325746 0.337629 0.336626 
0.331929 0.327775 0.340296 
0.334987 0.334432 0.330581 
0.334974 0.336516 0.328509 
0.333772 0.334781 0.331447 
0.337808 0.325125 0.337067 
0.331086 0.333912 0.335003 
0.333787 0.331417 0.334796 
0.338759 0.337442 0.323799 
0.327773 0.342127 0.3301 
0.329263 0.332333 0.338405 
0.328754 0.335469 0.335777 
0.327737 0.336002 0.336261 
0.333652 0.339135 0.327213 
0.33628 0.327689 0.336031 
0.333336 0.328907 0.337757 
0.338344 0.335715 0.32594 
0.323518 0.339273 0.337209 
0.330948 0.327317 0.341735 
0.330639 0.329061 0.3403 
0.335945 0.330189 0.333866 
0.334188 0.328462 0.33735 
0.333442 0.33237 0.334188 
0.335733 0.338595 0.325672 
0.335224 0.327172 0.337604 
0.335581 0.328837 0.335581 
0.33246 0.337137 0.330403 
0.332449 0.338705 0.328846 
0.340465 0.327426 0.332109 
0.33022 0.333559 0.336221 
0.326258 0.3379 0.335841 
0.321995 0.33768 0.340324 
0.325199 0.343174 0.331627 
0.336121 0.33062 0.333259 
0.332816 0.332005 0.335179 
0.331776 0.336175 0.332049 
0.338676 0.324182 0.337142 
0.328295 0.329034 0.342672 
0.33377 0.335044 0.331186 
0.338118 0.327428 0.334454 
0.337573 0.328215 0.334212 
0.32996 0.333557 0.336482 
0.329268 0.337568 0.333164 
0.332458 0.328297 0.339244 
0.334809 0.335301 0.32989 
0.333943 0.334957 0.3311 
0.330654 0.335825 0.333521 
0.336627 0.325729 0.337644 
0.33968 0.328719 0.331601 
0.329863 0.329574 0.340563 
0.335415 0.335645 0.328941 
0.328321 0.337391 0.334288 
0.32422 0.33789 0.33789 
0.334729 0.332093 0.333178 
0.336294 0.330016 0.333691 
0.336448 0.332013 0.33154 
0.323962 0.337625 0.338413 
0.336447 0.336678 0.326875 
0.339066 0.331993 0.32894 
0.327117 0.337733 0.33515 
0.324118 0.338048 0.337834 
0.327791 0.33033 0.341879 
0.333673 0.336784 0.329542 
0.338905 0.33414 0.326955 
0.33577 0.334168 0.330062 
0.330914 0.335041 0.334045 
0.333323 0.327612 0.339065 
0.337931 0.330107 0.331962 
0.324286 0.339021 0.336692 
0.326621 0.33669 0.33669 
0.341193 0.327322 0.331485 
0.33386 0.333047 0.333093 
0.336293 0.329757 0.33395 
0.336614 0.326772 0.336614 
0.327031 0.337907 0.335062 
0.321381 0.341537 0.337082 
0.334168 0.326652 0.33918 
0.335598 0.330621 0.333781 
0.336012 0.327976 0.336012 
0.331948 0.336091 0.331961 
0.33125 0.337487 0.331263 
0.332557 0.335391 0.332052 
0.338158 0.324953 0.336889 
0.32754 0.33111 0.34135 
0.331856 0.33705 0.331093 
0.337932 0.330882 0.331186 
0.328062 0.337915 0.334024 
0.33212 0.336524 0.331356 
0.338775 0.322222 0.339003 
0.340098 0.334568 0.325334 
0.328839 0.336868 0.334293 
0.328941 0.333828 0.337232 
0.336801 0.335981 0.327218 
0.331432 0.334261 0.334307 
0.331708 0.333495 0.334797 
0.335566 0.335308 0.329125 
0.324818 0.337461 0.337721 
0.333033 0.340362 0.326605 
0.338914 0.328713 0.332373 
0.33592 0.329942 0.334138 
0.325502 0.335802 0.338696 
0.333141 0.338355 0.328503 
0.339052 0.334582 0.326366 
0.327341 0.342478 0.33018 
0.336384 0.331656 0.33196 
0.335855 0.329585 0.33456 
0.333696 0.330551 0.335753 
0.333576 0.338263 0.328161 
0.338284 0.326312 0.335404 
0.33861 0.326151 0.335238 
0.331237 0.328115 0.340649 
0.342425 0.327224 0.330351 
0.339945 0.330521 0.329535 
0.327288 0.337909 0.334802 
0.325758 0.335279 0.338963 
0.33009 0.341864 0.328047 
0.335425 0.331226 0.333349 
0.334379 0.334348 0.331273 
0.332896 0.336784 0.330319 
0.33867 0.32266 0.33867 
0.328753 0.33678 0.334466 
0.33114 0.340283 0.328577 
0.336462 0.328636 0.334902 
0.336814 0.32898 0.334206 
0.33662 0.330113 0.333268 
0.328147 0.333804 0.338049 
0.331179 0.331147 0.337674 
0.33698 0.335372 0.327648 
0.337886 0.337886 0.324229 
0.336377 0.334511 0.329112 
0.336904 0.333468 0.329628 
0.337903 0.336327 0.325769 
0.33322 0.339225 0.327555 
0.339895 0.323069 0.337036 
0.331618 0.324666 0.343716 
0.341446 0.325525 0.33303 
0.342487 0.315025 0.342487 
0.341494 0.322029 0.336477 
0.338696 0.323914 0.33739 
0.337857 0.327687 0.334457 
0.338043 0.330439 0.331518 
0.336622 0.331148 0.33223 
0.32422 0.33789 0.33789 
0.335861 0.331139 0.333 
0.338128 0.329233 0.332639 
0.340176 0.324348 0.335476 
0.332697 0.327764 0.339538 
0.334802 0.328809 0.336389 
0.324391 0.337805 0.337805 
0.334294 0.33374 0.331966 
0.330135 0.335302 0.334563 
0.329961 0.336174 0.333865 
0.336359 0.333224 0.330418 
0.325314 0.339031 0.335655 
0.331763 0.33018 0.338057 
0.330833 0.331318 0.337849 
0.335719 0.33964 0.324642 
0.342579 0.327918 0.329504 
0.329515 0.331291 0.339194 
0.337507 0.32786 0.334633 
0.337319 0.330024 0.332658 
0.327299 0.333462 0.339239 
0.33017 0.342215 0.327615 
0.337951 0.328804 0.333245 
0.340908 0.328108 0.330985 
0.332556 0.335394 0.33205 
0.330474 0.337486 0.33204 
0.332102 0.338881 0.329017 
0.339766 0.3319 0.328334 
0.326599 0.338782 0.334619 
0.327807 0.337385 0.334809 
0.337726 0.322733 0.339541 
0.337682 0.327773 0.334545 
0.339068 0.331476 0.329456 
0.329692 0.331727 0.338581 
0.325672 0.335454 0.338874 
0.332789 0.339055 0.328156 
0.335246 0.334691 0.330063 
0.335135 0.335135 0.32973 
0.333425 0.332353 0.334222 
0.32979 0.335475 0.334735 
0.336442 0.327115 0.336442 
0.330986 0.338273 0.330741 
0.330286 0.339671 0.330042 
0.333112 0.326128 0.34076 
0.333165 0.332873 0.333961 
0.330309 0.335475 0.334216 
0.337212 0.326841 0.335947 
0.326946 0.332323 0.340731 
0.331776 0.335655 0.332569 
0.335077 0.333218 0.331705 
0.331607 0.334433 0.33396 
0.34007 0.322983 0.336947 
0.335902 0.325282 0.338815 
0.333169 0.329771 0.33706 
0.333159 0.336002 0.330839 
0.335923 0.330719 0.333358 
0.324203 0.338401 0.337396 
0.332789 0.326832 0.340379 
0.337164 0.333725 0.32911 
0.339419 0.330526 0.330055 
0.324883 0.339645 0.335472 
0.33107 0.338621 0.330309 
0.332035 0.332003 0.335963 
0.327909 0.335129 0.336963 
0.337727 0.338483 0.323789 
0.336205 0.329671 0.334124 
0.339153 0.328723 0.332124 
0.331344 0.335742 0.332915 
0.335861 0.332955 0.331184 
0.335489 0.332882 0.331629 
0.327821 0.334516 0.337663 
0.334059 0.340878 0.325062 
0.339944 0.334904 0.325152 
0.337298 0.335987 0.326714 
0.323597 0.34095 0.335452 
0.330481 0.334867 0.334652 
0.331865 0.334697 0.333438 
0.33427 0.33427 0.331459 
0.329402 0.327575 0.343023 
0.341455 0.327063 0.331481 
0.339156 0.330528 0.330315 
0.323679 0.34157 0.334751 
0.325297 0.33298 0.341723 
0.318766 0.340617 0.340617 
0.329702 0.336173 0.334124 
0.329182 0.33722 0.333598 
0.327634 0.331983 0.340383 
0.332535 0.338533 0.328932 
0.333422 0.335219 0.331359 
0.327308 0.336346 0.336346 
0.339268 0.330602 0.330131 
0.33924 0.332422 0.328338 
0.328804 0.341865 0.329331 
0.333423 0.331573 0.335004 
0.331152 0.329829 0.339019 
0.328591 0.332953 0.338456 
0.333557 0.339834 0.326609 
0.341875 0.328526 0.329599 
0.328619 0.342747 0.328633 
0.328039 0.341336 0.330625 
0.332033 0.331743 0.336224 
0.332362 0.328972 0.338666 
0.332141 0.33341 0.334449 
0.33393 0.337303 0.328767 
0.339887 0.322557 0.337556 
