10000
2
3
0.344795 0.329264 0.325941 
0.503939 0.343106 0.152955 
0.343968 0.33026 0.325772 
0.503979 0.343214 0.152807 
0.343811 0.330872 0.325317 
0.502634 0.344543 0.152824 
0.343399 0.331653 0.324948 
0.502089 0.344878 0.153033 
0.343839 0.332367 0.323794 
0.500709 0.346237 0.153054 
0.343809 0.333889 0.322302 
0.50077 0.34636 0.15287 
0.343352 0.335579 0.32107 
0.500337 0.34677 0.152893 
0.341947 0.336817 0.321236 
0.499412 0.347942 0.152646 
0.341262 0.337571 0.321168 
0.499222 0.348094 0.152684 
0.340797 0.338661 0.320542 
0.49818 0.349134 0.152686 
0.339876 0.338987 0.321137 
0.495423 0.351631 0.152946 
0.340277 0.339279 0.320444 
0.495358 0.35173 0.152912 
0.339936 0.340031 0.320033 
0.495001 0.352038 0.152962 
0.339433 0.339401 0.321166 
0.493605 0.353319 0.153077 
0.33902 0.339986 0.320995 
0.491297 0.355471 0.153232 
0.338523 0.341109 0.320368 
0.490724 0.355934 0.153342 
0.338161 0.341692 0.320148 
0.490832 0.356081 0.153086 
0.337747 0.342581 0.319672 
0.491022 0.356035 0.152943 
0.337142 0.343014 0.319844 
0.489975 0.356925 0.153101 
0.338139 0.343498 0.318363 
0.487787 0.358866 0.153347 
0.338716 0.34461 0.316674 
0.48656 0.359921 0.153519 
0.337874 0.345115 0.317011 
0.486651 0.359822 0.153526 
0.33746 0.345789 0.31675 
0.483537 0.362969 0.153494 
0.336859 0.346175 0.316967 
0.484043 0.362495 0.153462 
0.336325 0.346642 0.317034 
0.482941 0.363618 0.153441 
0.335729 0.347483 0.316788 
0.482961 0.363625 0.153414 
0.334425 0.348195 0.317379 
0.480987 0.365553 0.153461 
0.333405 0.34943 0.317165 
0.480642 0.365834 0.153524 
0.333099 0.350317 0.316585 
0.478814 0.367505 0.153682 
0.33225 0.350784 0.316966 
0.478418 0.368042 0.15354 
0.331572 0.351986 0.316442 
0.478109 0.368175 0.153716 
0.330728 0.353491 0.315781 
0.476653 0.36947 0.153878 
0.329625 0.353804 0.316571 
0.475333 0.370702 0.153965 
0.328064 0.355661 0.316275 
0.474409 0.371611 0.15398 
0.327633 0.355851 0.316516 
0.475926 0.370366 0.153708 
0.326437 0.357304 0.316259 
0.474182 0.371923 0.153896 
0.325504 0.358616 0.31588 
0.473632 0.372553 0.153814 
0.325218 0.359172 0.31561 
0.471853 0.374264 0.153883 
0.325115 0.359174 0.315711 
0.470413 0.375519 0.154068 
0.325481 0.358751 0.315769 
0.470033 0.375738 0.154229 
0.324455 0.360241 0.315304 
0.469023 0.376526 0.154451 
0.322916 0.361052 0.316032 
0.468883 0.376933 0.154184 
0.322562 0.36185 0.315588 
0.467509 0.378111 0.15438 
0.322677 0.362722 0.314602 
0.467114 0.378487 0.154399 
0.321537 0.363745 0.314718 
0.465954 0.379594 0.154452 
0.320659 0.365278 0.314063 
0.464529 0.381086 0.154386 
0.320058 0.366173 0.31377 
0.464239 0.38135 0.154411 
0.31974 0.366518 0.313742 
0.46234 0.383047 0.154613 
0.319652 0.367093 0.313256 
0.460784 0.384453 0.154763 
0.319 0.368258 0.312742 
0.461088 0.384139 0.154773 
0.318105 0.369819 0.312077 
0.45929 0.385703 0.155007 
0.317551 0.370726 0.311723 
0.458615 0.386516 0.154869 
0.31773 0.371518 0.310753 
0.458098 0.386924 0.154978 
0.317058 0.372942 0.31 
0.456566 0.38841 0.155024 
0.317022 0.373869 0.309109 
0.455195 0.389719 0.155086 
0.316723 0.374364 0.308913 
0.454037 0.391016 0.154947 
0.316037 0.374564 0.309398 
0.4524 0.392668 0.154932 
0.315094 0.376065 0.30884 
0.451109 0.393933 0.154958 
0.313503 0.377674 0.308823 
0.450411 0.39452 0.155069 
0.312928 0.378451 0.308621 
0.449432 0.395293 0.155275 
0.312812 0.378278 0.308909 
0.447456 0.397201 0.155343 
0.311464 0.378558 0.309979 
0.446707 0.397985 0.155308 
0.310853 0.379389 0.309758 
0.445848 0.399038 0.155114 
0.310591 0.380212 0.309197 
0.446113 0.398499 0.155388 
0.310739 0.380009 0.309252 
0.444709 0.399999 0.155292 
0.310227 0.381571 0.308202 
0.443827 0.400997 0.155176 
0.309954 0.38251 0.307537 
0.442479 0.402315 0.155206 
0.309372 0.383097 0.307531 
0.440945 0.403805 0.155251 
0.308861 0.383825 0.307314 
0.439288 0.405304 0.155408 
0.307915 0.384346 0.307739 
0.437744 0.406709 0.155547 
0.306742 0.384892 0.308366 
0.436628 0.407896 0.155476 
0.306411 0.3845 0.309089 
0.43424 0.409985 0.155776 
0.304999 0.386002 0.308999 
0.433395 0.410639 0.155966 
0.304484 0.38649 0.309026 
0.433097 0.410894 0.156009 
0.303283 0.387289 0.309428 
0.430931 0.413125 0.155944 
0.303184 0.387585 0.30923 
0.429541 0.414243 0.156215 
0.302631 0.387875 0.309494 
0.428423 0.415202 0.156375 
0.30217 0.388627 0.309203 
0.425678 0.417851 0.156471 
0.301899 0.388982 0.30912 
0.424399 0.419113 0.156488 
0.300879 0.390635 0.308486 
0.425087 0.418224 0.156689 
0.299937 0.391222 0.308842 
0.422729 0.420445 0.156825 
0.299299 0.391331 0.30937 
0.420611 0.422724 0.156664 
0.29886 0.391318 0.309822 
0.418689 0.424692 0.15662 
0.298443 0.391519 0.310039 
0.417587 0.425744 0.156669 
0.297667 0.392575 0.309758 
0.416426 0.427184 0.15639 
0.297189 0.393839 0.308971 
0.414507 0.429005 0.156487 
0.296858 0.39392 0.309222 
0.413579 0.429743 0.156678 
0.295954 0.3959 0.308146 
0.411556 0.432056 0.156388 
0.295209 0.396111 0.308681 
0.410225 0.433354 0.156421 
0.2947 0.396143 0.309157 
0.408737 0.434907 0.156356 
0.295013 0.396243 0.308745 
0.406754 0.436866 0.156379 
0.293716 0.398318 0.307966 
0.405014 0.43847 0.156516 
0.293572 0.398791 0.307637 
0.405328 0.437975 0.156697 
0.292009 0.400831 0.30716 
0.403779 0.439357 0.156864 
0.291189 0.401235 0.307576 
0.403628 0.439365 0.157007 
0.291713 0.401108 0.307179 
0.402292 0.440869 0.156839 
0.291422 0.40146 0.307118 
0.400441 0.442936 0.156624 
0.290984 0.402276 0.30674 
0.398925 0.444476 0.156599 
0.289851 0.402785 0.307364 
0.397621 0.445711 0.156668 
0.289784 0.403699 0.306516 
0.396514 0.446834 0.156651 
0.289368 0.403583 0.30705 
0.395816 0.447452 0.156732 
0.289212 0.403107 0.307681 
0.395214 0.44817 0.156616 
0.288835 0.403805 0.30736 
0.393417 0.450207 0.156376 
0.287614 0.404592 0.307794 
0.392961 0.450612 0.156427 
0.286684 0.405421 0.307895 
0.392634 0.450822 0.156544 
0.285552 0.40596 0.308488 
0.39137 0.452065 0.156565 
0.285453 0.406266 0.308281 
0.390144 0.453104 0.156751 
0.284534 0.40704 0.308426 
0.389428 0.453819 0.156753 
0.283592 0.40871 0.307698 
0.387573 0.455839 0.156588 
0.282823 0.410372 0.306805 
0.386147 0.457017 0.156837 
0.282195 0.410232 0.307573 
0.385045 0.457975 0.156979 
0.281964 0.409915 0.308121 
0.383944 0.458937 0.157119 
0.281045 0.411068 0.307887 
0.381922 0.460793 0.157285 
0.280724 0.410864 0.308412 
0.380952 0.461582 0.157466 
0.279086 0.411685 0.309229 
0.379642 0.462833 0.157525 
0.27825 0.411655 0.310095 
0.378726 0.463521 0.157753 
0.278409 0.411847 0.309744 
0.377462 0.464818 0.15772 
0.27783 0.411642 0.310528 
0.377256 0.465152 0.157593 
0.276863 0.411449 0.311688 
0.37737 0.464831 0.157799 
0.276236 0.412311 0.311453 
0.375664 0.466535 0.157802 
0.275845 0.413097 0.311058 
0.374648 0.467532 0.15782 
0.274693 0.414122 0.311185 
0.373246 0.469035 0.15772 
0.273681 0.415467 0.310852 
0.37205 0.470472 0.157478 
0.272934 0.416021 0.311045 
0.370376 0.472065 0.15756 
0.272279 0.416244 0.311477 
0.370924 0.471261 0.157815 
0.271565 0.417287 0.311148 
0.370657 0.471221 0.158122 
0.270567 0.418736 0.310698 
0.370188 0.471618 0.158194 
0.269937 0.418345 0.311717 
0.368014 0.473807 0.15818 
0.269533 0.417726 0.312741 
0.365972 0.47595 0.158078 
0.268341 0.418511 0.313148 
0.366192 0.475294 0.158514 
0.26776 0.418747 0.313493 
0.364398 0.476877 0.158725 
0.267493 0.418427 0.31408 
0.364202 0.477001 0.158797 
0.266311 0.419672 0.314017 
0.362383 0.479285 0.158332 
0.2657 0.419757 0.314543 
0.362808 0.478555 0.158638 
0.265179 0.420295 0.314526 
0.362989 0.477845 0.159166 
0.265338 0.419645 0.315017 
0.3611 0.479731 0.159169 
0.26458 0.419962 0.315459 
0.360364 0.480402 0.159235 
0.26408 0.420214 0.315706 
0.360162 0.480403 0.159434 
0.263595 0.421265 0.315139 
0.359667 0.48088 0.159453 
0.263408 0.420968 0.315624 
0.358287 0.482335 0.159378 
0.263122 0.420203 0.316675 
0.35712 0.483325 0.159555 
0.262586 0.420809 0.316604 
0.356233 0.484406 0.159361 
0.262028 0.421676 0.316296 
0.356301 0.484592 0.159107 
0.260842 0.422715 0.316443 
0.354779 0.48622 0.159001 
0.26037 0.423159 0.316471 
0.354737 0.486416 0.158847 
0.260201 0.42367 0.31613 
0.353079 0.487989 0.158932 
0.259812 0.423995 0.316193 
0.352202 0.488565 0.159233 
0.259604 0.423607 0.316789 
0.350488 0.490324 0.159188 
0.258828 0.423645 0.317528 
0.349303 0.491543 0.159154 
0.257958 0.424605 0.317437 
0.34789 0.493035 0.159075 
0.25713 0.425875 0.316995 
0.346807 0.494327 0.158866 
0.25718 0.4253 0.31752 
0.345279 0.495886 0.158835 
0.256438 0.425726 0.317836 
0.343672 0.497558 0.15877 
0.255658 0.425593 0.31875 
0.342444 0.49883 0.158725 
0.255363 0.425721 0.318916 
0.342789 0.49822 0.15899 
0.254552 0.426115 0.319333 
0.342005 0.498873 0.159122 
0.253961 0.427126 0.318913 
0.341313 0.499601 0.159085 
0.253647 0.426997 0.319356 
0.340851 0.500136 0.159013 
0.253521 0.427014 0.319465 
0.340598 0.500344 0.159058 
0.253766 0.426006 0.320228 
0.339199 0.501781 0.15902 
0.253046 0.426724 0.32023 
0.338639 0.502242 0.159119 
0.253216 0.426402 0.320383 
0.337273 0.503693 0.159034 
0.252497 0.427011 0.320492 
0.335956 0.504868 0.159177 
0.251886 0.426949 0.321165 
0.33621 0.504281 0.159509 
0.251584 0.426232 0.322184 
0.335561 0.504555 0.159883 
0.250393 0.427553 0.322053 
0.334954 0.504932 0.160114 
0.250021 0.428082 0.321897 
0.334059 0.505922 0.160019 
0.248553 0.430654 0.320793 
0.333483 0.506366 0.160151 
0.248357 0.431056 0.320587 
0.333797 0.505642 0.160561 
0.248057 0.431197 0.320746 
0.333591 0.505711 0.160697 
0.247398 0.431493 0.321109 
0.333883 0.505388 0.160729 
0.246747 0.431861 0.321392 
0.332157 0.507161 0.160682 
0.246232 0.431404 0.322364 
0.331096 0.508124 0.160779 
0.246178 0.431647 0.322175 
0.330189 0.50916 0.16065 
0.246141 0.431308 0.32255 
0.328729 0.510707 0.160564 
0.245456 0.43099 0.323555 
0.327605 0.511892 0.160503 
0.246071 0.430646 0.323283 
0.327176 0.512209 0.160615 
0.245685 0.430423 0.323892 
0.325401 0.514039 0.16056 
0.245095 0.430415 0.32449 
0.324035 0.515349 0.160617 
0.245148 0.429729 0.325123 
0.323006 0.516369 0.160625 
0.244265 0.429498 0.326237 
0.322517 0.516499 0.160984 
0.243436 0.430115 0.326449 
0.32046 0.518841 0.160699 
0.242812 0.430204 0.326984 
0.319942 0.519042 0.161015 
0.242075 0.43082 0.327105 
0.317878 0.520964 0.161158 
0.241477 0.431358 0.327165 
0.316651 0.522339 0.16101 
0.240835 0.431181 0.327984 
0.316147 0.522617 0.161236 
0.240529 0.430884 0.328587 
0.315138 0.523835 0.161027 
0.239961 0.430726 0.329313 
0.314179 0.524717 0.161104 
0.239725 0.430535 0.32974 
0.313582 0.525368 0.161051 
0.239337 0.429429 0.331234 
0.312225 0.526942 0.160834 
0.238885 0.429103 0.332012 
0.310701 0.528422 0.160877 
0.238493 0.429566 0.331942 
0.309985 0.528852 0.161163 
0.238449 0.428486 0.333065 
0.311038 0.527218 0.161744 
0.238278 0.428662 0.33306 
0.310789 0.527395 0.161816 
0.238149 0.428231 0.33362 
0.30948 0.529042 0.161478 
0.238159 0.426837 0.335004 
0.307954 0.530405 0.161642 
0.237507 0.427182 0.335311 
0.307241 0.531006 0.161753 
0.237154 0.426746 0.3361 
0.306396 0.532023 0.161581 
0.237082 0.425283 0.337635 
0.304763 0.534033 0.161205 
0.237218 0.424781 0.338001 
0.303433 0.535536 0.16103 
0.236376 0.424746 0.338878 
0.303675 0.534833 0.161492 
0.236016 0.4252 0.338784 
0.301745 0.536766 0.161489 
0.235587 0.424171 0.340242 
0.300997 0.537154 0.161849 
0.235346 0.423788 0.340866 
0.300782 0.537255 0.161963 
0.234419 0.423432 0.342149 
0.301359 0.536279 0.162362 
0.234037 0.423936 0.342027 
0.301097 0.536284 0.162619 
0.233767 0.423231 0.343002 
0.300461 0.536951 0.162588 
0.233465 0.423094 0.34344 
0.298431 0.53931 0.16226 
0.233617 0.421167 0.345216 
0.298841 0.538566 0.162593 
0.233394 0.421111 0.345495 
0.29694 0.540845 0.162216 
0.233165 0.420774 0.346061 
0.295528 0.54244 0.162032 
0.232744 0.420321 0.346934 
0.295437 0.542299 0.162264 
0.232137 0.420342 0.347521 
0.294858 0.542888 0.162255 
0.231409 0.421426 0.347164 
0.293978 0.543623 0.1624 
0.231275 0.421961 0.346764 
0.293692 0.543735 0.162573 
0.230725 0.421434 0.347842 
0.293801 0.543229 0.16297 
0.230568 0.420717 0.348715 
0.293845 0.542877 0.163278 
0.229855 0.420788 0.349357 
0.293 0.543637 0.163363 
0.230015 0.4194 0.350585 
0.293425 0.542854 0.163721 
0.22934 0.419316 0.351344 
0.293074 0.543343 0.163584 
0.228973 0.418497 0.35253 
0.293179 0.542949 0.163871 
0.228545 0.41801 0.353446 
0.292183 0.543572 0.164245 
0.228143 0.41739 0.354467 
0.292664 0.54284 0.164496 
0.227968 0.416326 0.355705 
0.293435 0.541627 0.164938 
0.227658 0.415482 0.356859 
0.292526 0.542592 0.164882 
0.226732 0.4164 0.356868 
0.2919 0.543284 0.164816 
0.226147 0.416331 0.357523 
0.292019 0.542796 0.165185 
0.225833 0.416369 0.357798 
0.291219 0.543217 0.165564 
0.22484 0.417963 0.357197 
0.289476 0.545124 0.1654 
0.225009 0.41713 0.357861 
0.28866 0.546076 0.165264 
0.22449 0.415371 0.360139 
0.28836 0.546214 0.165426 
0.224061 0.415396 0.360543 
0.28875 0.545605 0.165645 
0.224027 0.414718 0.361254 
0.288475 0.545757 0.165767 
0.223286 0.41459 0.362124 
0.287723 0.546266 0.166011 
0.223131 0.413891 0.362978 
0.28625 0.548157 0.165594 
0.222729 0.412724 0.364548 
0.287135 0.546729 0.166136 
0.222347 0.412172 0.365481 
0.286497 0.546829 0.166674 
0.222675 0.411151 0.366174 
0.286325 0.546671 0.167004 
0.222101 0.410497 0.367402 
0.284586 0.548796 0.166618 
0.221593 0.410244 0.368164 
0.283729 0.549657 0.166614 
0.221492 0.409909 0.368599 
0.283012 0.550354 0.166634 
0.221214 0.409788 0.368999 
0.282134 0.551274 0.166592 
0.220642 0.408588 0.37077 
0.281536 0.551886 0.166578 
0.220345 0.407991 0.371665 
0.280443 0.552898 0.166659 
0.219678 0.406403 0.373918 
0.2799 0.553224 0.166877 
0.219292 0.405997 0.374711 
0.278986 0.554146 0.166869 
0.21846 0.406311 0.375229 
0.279239 0.553392 0.167369 
0.218286 0.405916 0.375799 
0.27917 0.553319 0.167512 
0.217512 0.406654 0.375834 
0.278335 0.554221 0.167444 
0.217385 0.406381 0.376235 
0.278098 0.554182 0.167721 
0.217009 0.406438 0.376552 
0.277744 0.554278 0.167979 
0.217217 0.406407 0.376376 
0.277297 0.55443 0.168273 
0.217202 0.404487 0.378311 
0.276509 0.55511 0.168381 
0.21674 0.403613 0.379647 
0.27643 0.554938 0.168632 
0.216673 0.402004 0.381323 
0.274476 0.557276 0.168248 
0.216425 0.401498 0.382077 
0.274953 0.556377 0.168669 
0.216344 0.4003 0.383356 
0.274676 0.556585 0.16874 
0.216397 0.399205 0.384398 
0.273836 0.557479 0.168685 
0.21603 0.398179 0.385792 
0.272916 0.558084 0.169 
0.215996 0.397028 0.386977 
0.272904 0.557811 0.169285 
0.215285 0.395807 0.388908 
0.272654 0.5578 0.169547 
0.214839 0.396264 0.388897 
0.273108 0.557292 0.1696 
0.214289 0.395974 0.389736 
0.272405 0.557981 0.169614 
0.214052 0.396267 0.389681 
0.272047 0.558191 0.169762 
0.213864 0.395505 0.390631 
0.271539 0.55872 0.169741 
0.213736 0.394282 0.391982 
0.272385 0.557414 0.170201 
0.213271 0.394207 0.392522 
0.27256 0.556807 0.170633 
0.212627 0.39362 0.393753 
0.273329 0.555675 0.170996 
0.212155 0.393223 0.394622 
0.272755 0.556174 0.17107 
0.211843 0.391476 0.396681 
0.272877 0.555832 0.171291 
0.211298 0.391221 0.397481 
0.272868 0.555645 0.171487 
0.210889 0.389586 0.399525 
0.274052 0.553695 0.172253 
0.210496 0.390009 0.399495 
0.273844 0.553644 0.172512 
0.209689 0.389397 0.400914 
0.273643 0.553744 0.172613 
0.209391 0.388604 0.402006 
0.273764 0.553468 0.172768 
0.209429 0.388434 0.402137 
0.273739 0.553033 0.173228 
0.209003 0.388058 0.402938 
0.273325 0.553575 0.1731 
0.209133 0.386741 0.404126 
0.272939 0.553588 0.173473 
0.208674 0.386582 0.404744 
0.273203 0.553232 0.173566 
0.208589 0.385924 0.405487 
0.272834 0.553554 0.173612 
0.208183 0.385711 0.406107 
0.27257 0.553532 0.173898 
0.207829 0.384888 0.407284 
0.27295 0.55283 0.17422 
0.207261 0.384751 0.407988 
0.272875 0.552682 0.174443 
0.206738 0.385149 0.408112 
0.272796 0.552501 0.174703 
0.2065 0.384958 0.408543 
0.27278 0.552214 0.175007 
0.206438 0.384123 0.409439 
0.272707 0.552046 0.175247 
0.205936 0.38317 0.410894 
0.272097 0.552457 0.175446 
0.204943 0.383158 0.411899 
0.271557 0.552682 0.17576 
0.20468 0.382329 0.412991 
0.271459 0.552245 0.176296 
0.20415 0.382248 0.413601 
0.271738 0.551323 0.176938 
0.203475 0.380972 0.415553 
0.272097 0.550546 0.177357 
0.202915 0.38084 0.416245 
0.271683 0.550706 0.177611 
0.202697 0.380937 0.416366 
0.271315 0.550731 0.177954 
0.202183 0.379925 0.417892 
0.272324 0.549048 0.178628 
0.201676 0.379836 0.418488 
0.271917 0.549203 0.17888 
0.201034 0.377649 0.421316 
0.272169 0.548349 0.179482 
0.200815 0.376226 0.422959 
0.271437 0.548928 0.179634 
0.200627 0.375639 0.423734 
0.271672 0.548084 0.180244 
0.200113 0.375188 0.424699 
0.271666 0.547993 0.180341 
0.199832 0.373702 0.426466 
0.27143 0.548129 0.180441 
0.199441 0.372232 0.428327 
0.27179 0.54733 0.180879 
0.19894 0.372035 0.429025 
0.271882 0.546735 0.181383 
0.198666 0.37105 0.430284 
0.272089 0.546051 0.18186 
0.198334 0.37134 0.430326 
0.272528 0.545455 0.182017 
0.197981 0.37102 0.430999 
0.272703 0.544968 0.182329 
0.197695 0.369854 0.432451 
0.272259 0.54504 0.182701 
0.197299 0.369335 0.433365 
0.271975 0.545541 0.182484 
0.196683 0.36799 0.435327 
0.271961 0.545357 0.182682 
0.196087 0.364217 0.439696 
0.271674 0.545377 0.182948 
0.195999 0.363362 0.440638 
0.271932 0.544906 0.183162 
0.19565 0.363332 0.441018 
0.271851 0.544743 0.183406 
0.195472 0.36204 0.442488 
0.271703 0.544575 0.183722 
0.195028 0.360962 0.44401 
0.271482 0.54443 0.184087 
0.194361 0.360438 0.445201 
0.27268 0.542627 0.184693 
0.19393 0.358512 0.447557 
0.271715 0.543618 0.184667 
0.19361 0.356712 0.449678 
0.271965 0.542542 0.185493 
0.19334 0.355921 0.450739 
0.271516 0.542798 0.185686 
0.192916 0.355516 0.451568 
0.271146 0.542685 0.186169 
0.192692 0.353753 0.453555 
0.271143 0.542649 0.186207 
0.192493 0.352696 0.454811 
0.272147 0.541027 0.186827 
0.191913 0.35138 0.456706 
0.272101 0.541283 0.186616 
0.191202 0.350303 0.458494 
0.273027 0.539894 0.187079 
0.190745 0.349544 0.45971 
0.273311 0.539064 0.187625 
0.190385 0.347508 0.462107 
0.273246 0.539126 0.187628 
0.190034 0.347874 0.462092 
0.272767 0.53945 0.187783 
0.189562 0.34736 0.463078 
0.272689 0.539318 0.187993 
0.189197 0.346998 0.463806 
0.271973 0.539714 0.188313 
0.188774 0.344166 0.46706 
0.272622 0.538275 0.189103 
0.189313 0.345447 0.46524 
0.27204 0.538895 0.189065 
0.189422 0.343807 0.466772 
0.272274 0.538532 0.189194 
0.188752 0.342358 0.46889 
0.271818 0.53904 0.189141 
0.188425 0.341543 0.470032 
0.271104 0.539679 0.189217 
0.188366 0.341151 0.470483 
0.271 0.539256 0.189743 
0.188275 0.340254 0.471471 
0.270666 0.539479 0.189855 
0.188061 0.339037 0.472903 
0.271043 0.53897 0.189987 
0.188097 0.338177 0.473726 
0.270643 0.539093 0.190264 
0.187641 0.338383 0.473976 
0.271725 0.5374 0.190875 
0.187386 0.337795 0.474818 
0.270995 0.537918 0.191087 
0.186944 0.337443 0.475614 
0.270969 0.537652 0.191378 
0.186399 0.335306 0.478295 
0.270892 0.537544 0.191564 
0.186161 0.335301 0.478539 
0.271737 0.536487 0.191775 
0.186048 0.333449 0.480503 
0.271417 0.536545 0.192038 
0.186233 0.33296 0.480808 
0.271202 0.536554 0.192243 
0.186582 0.331953 0.481465 
0.271364 0.536103 0.192533 
0.186355 0.331081 0.482564 
0.272399 0.534289 0.193312 
0.186236 0.330377 0.483386 
0.272397 0.533586 0.194017 
0.185558 0.328977 0.485465 
0.273053 0.532428 0.194518 
0.185177 0.327363 0.487459 
0.272935 0.531982 0.195083 
0.184811 0.325228 0.489961 
0.273416 0.531072 0.195512 
0.184566 0.324592 0.490843 
0.27487 0.528737 0.196393 
0.184543 0.324154 0.491303 
0.276113 0.526441 0.197446 
0.184292 0.32329 0.492417 
0.276792 0.525634 0.197574 
0.183678 0.321811 0.494512 
0.277543 0.524177 0.19828 
0.183222 0.321041 0.495737 
0.277783 0.523401 0.198816 
0.182684 0.319265 0.498051 
0.277851 0.522892 0.199256 
0.182385 0.317915 0.4997 
0.278244 0.522231 0.199524 
0.182505 0.317671 0.499824 
0.279048 0.520619 0.200332 
0.182236 0.316227 0.501537 
0.279987 0.518761 0.201253 
0.182174 0.3158 0.502026 
0.280458 0.517928 0.201613 
0.181801 0.315383 0.502815 
0.279485 0.51878 0.201735 
0.181402 0.314381 0.504217 
0.280173 0.517183 0.202644 
0.181288 0.313382 0.50533 
0.280025 0.516714 0.203261 
0.181132 0.312232 0.506636 
0.280094 0.516651 0.203255 
0.180314 0.310507 0.509179 
0.279574 0.5172 0.203227 
0.179998 0.309311 0.510691 
0.279977 0.516788 0.203235 
0.179481 0.308471 0.512048 
0.279773 0.516934 0.203293 
0.178982 0.307071 0.513947 
0.280723 0.515122 0.204155 
0.178798 0.306539 0.514663 
0.280741 0.51523 0.204029 
0.178296 0.304962 0.516741 
0.281009 0.514675 0.204315 
0.178104 0.304655 0.517241 
0.280417 0.515475 0.204107 
0.178247 0.304154 0.517599 
0.280887 0.514608 0.204506 
0.178524 0.303723 0.517753 
0.28149 0.513646 0.204863 
0.178445 0.303059 0.518496 
0.280364 0.514543 0.205093 
0.178324 0.302769 0.518907 
0.280553 0.513992 0.205455 
0.177992 0.302312 0.519696 
0.280939 0.513199 0.205863 
0.177504 0.300914 0.521581 
0.282126 0.511157 0.206717 
0.177297 0.300266 0.522437 
0.282068 0.510822 0.20711 
0.176784 0.300552 0.522663 
0.281754 0.511146 0.2071 
0.176583 0.299921 0.523495 
0.282429 0.510312 0.207259 
0.176605 0.299564 0.523831 
0.283106 0.509003 0.207891 
0.176434 0.29893 0.524636 
0.283315 0.507873 0.208812 
0.176087 0.297138 0.526775 
0.28219 0.509218 0.208592 
0.176031 0.295421 0.528548 
0.281712 0.509693 0.208595 
0.17594 0.294399 0.529661 
0.28179 0.508994 0.209216 
0.175212 0.291997 0.532791 
0.281299 0.509559 0.209142 
0.17475 0.290534 0.534716 
0.280782 0.509905 0.209313 
0.174565 0.289811 0.535625 
0.280545 0.509864 0.209591 
0.174114 0.288711 0.537174 
0.280579 0.509621 0.2098 
0.174024 0.288425 0.53755 
0.280502 0.509183 0.210316 
0.173815 0.288314 0.537871 
0.280374 0.509342 0.210285 
0.173112 0.286797 0.540091 
0.280577 0.508079 0.211343 
0.173184 0.287416 0.5394 
0.281439 0.50714 0.211421 
0.172817 0.286086 0.541097 
0.280984 0.50728 0.211736 
0.172445 0.285415 0.54214 
0.280594 0.507331 0.212075 
0.171909 0.284746 0.543345 
0.28112 0.506294 0.212586 
0.171215 0.282959 0.545826 
0.281757 0.505303 0.21294 
0.170676 0.282158 0.547166 
0.281994 0.504407 0.213599 
0.170508 0.28097 0.548522 
0.281584 0.503954 0.214462 
0.170389 0.281041 0.54857 
0.282963 0.502315 0.214722 
0.17028 0.279778 0.549942 
0.283291 0.501934 0.214776 
0.169904 0.278634 0.551462 
0.282992 0.502199 0.214809 
0.169703 0.277534 0.552763 
0.283831 0.500622 0.215547 
0.169226 0.276902 0.553872 
0.284806 0.498982 0.216212 
0.169338 0.276051 0.554612 
0.285468 0.498397 0.216135 
0.169289 0.275279 0.555432 
0.285601 0.497997 0.216402 
0.169093 0.274916 0.555992 
0.28565 0.497453 0.216898 
0.169021 0.274025 0.556954 
0.286868 0.496071 0.217061 
0.168563 0.27259 0.558848 
0.287758 0.494729 0.217513 
0.168364 0.271254 0.560383 
0.287568 0.494561 0.217871 
0.16813 0.27062 0.56125 
0.287371 0.494385 0.218244 
0.167731 0.270236 0.562033 
0.288613 0.491438 0.219949 
0.167286 0.268406 0.564307 
0.289184 0.490898 0.219917 
0.167038 0.267819 0.565142 
0.290537 0.488966 0.220497 
0.166717 0.267601 0.565683 
0.291005 0.488028 0.220967 
0.165843 0.266588 0.567569 
0.291161 0.487443 0.221396 
0.165684 0.266523 0.567793 
0.290123 0.488507 0.22137 
0.165557 0.266183 0.56826 
0.290348 0.487902 0.22175 
0.165419 0.265815 0.568766 
0.291279 0.486827 0.221893 
0.165045 0.264896 0.570059 
0.291793 0.485568 0.222639 
0.164317 0.263223 0.57246 
0.292135 0.484816 0.223049 
0.16401 0.261982 0.574008 
0.29352 0.482498 0.223981 
0.163605 0.261316 0.575078 
0.294591 0.481446 0.223963 
0.163346 0.26003 0.576625 
0.293979 0.481723 0.224299 
0.162413 0.258509 0.579078 
0.294202 0.481306 0.224493 
0.161674 0.256547 0.58178 
0.295781 0.478427 0.225791 
0.161326 0.255827 0.582847 
0.295532 0.478538 0.225929 
0.160973 0.254466 0.584562 
0.296616 0.476605 0.226779 
0.160464 0.252961 0.586575 
0.297224 0.476092 0.226684 
0.160246 0.252455 0.587299 
0.298392 0.474546 0.227062 
0.160292 0.251831 0.587878 
0.29977 0.472584 0.227646 
0.159875 0.251043 0.589082 
0.299441 0.472905 0.227654 
0.159681 0.251269 0.58905 
0.300685 0.471266 0.228049 
0.159252 0.250163 0.590585 
0.301302 0.47 0.228698 
0.159056 0.249609 0.591335 
0.301699 0.469179 0.229121 
0.158925 0.249445 0.591629 
0.301789 0.46854 0.22967 
0.158773 0.248551 0.592676 
0.301812 0.46804 0.230148 
0.158572 0.247885 0.593543 
0.30229 0.467497 0.230213 
0.158419 0.2471 0.594481 
0.303129 0.466133 0.230738 
0.158437 0.24662 0.594942 
0.304051 0.465062 0.230888 
0.15799 0.245728 0.596282 
0.304491 0.464016 0.231493 
0.157649 0.244793 0.597558 
0.304648 0.463642 0.23171 
0.157386 0.244491 0.598122 
0.304684 0.462974 0.232342 
0.157158 0.244197 0.598646 
0.305102 0.462351 0.232547 
0.157422 0.244614 0.597964 
0.306628 0.460597 0.232775 
0.157187 0.243851 0.598963 
0.30712 0.46011 0.23277 
0.157 0.243733 0.599268 
0.307086 0.459745 0.233169 
0.156969 0.243672 0.599359 
0.307787 0.459261 0.232951 
0.156844 0.243314 0.599842 
0.30879 0.457144 0.234066 
0.157187 0.243037 0.599776 
0.309627 0.455626 0.234747 
0.157222 0.243167 0.59961 
0.309747 0.455072 0.23518 
0.156986 0.242545 0.60047 
0.311176 0.453112 0.235712 
0.156522 0.241161 0.602317 
0.31129 0.452861 0.235848 
0.156428 0.240925 0.602647 
0.310823 0.45283 0.236347 
0.156374 0.240043 0.603583 
0.311384 0.451669 0.236948 
0.1562 0.239705 0.604095 
0.311734 0.450863 0.237403 
0.155395 0.238406 0.606199 
0.312852 0.449509 0.237639 
0.154972 0.237536 0.607492 
0.31234 0.44972 0.23794 
0.154864 0.237052 0.608084 
0.311876 0.449656 0.238468 
0.154218 0.235221 0.610561 
0.31285 0.448072 0.239078 
0.153983 0.234317 0.6117 
0.313435 0.447189 0.239377 
0.153569 0.233678 0.612753 
0.313918 0.446111 0.239971 
0.153623 0.233026 0.613351 
0.314926 0.444944 0.24013 
0.153329 0.231797 0.614874 
0.315725 0.443831 0.240444 
0.153083 0.23122 0.615698 
0.316834 0.442088 0.241078 
0.152662 0.229794 0.617544 
0.31756 0.441331 0.241108 
0.152591 0.229427 0.617982 
0.317956 0.440877 0.241167 
0.15251 0.229419 0.618071 
0.318334 0.440207 0.241459 
0.152348 0.228794 0.618857 
0.319312 0.438565 0.242123 
0.152471 0.228329 0.6192 
0.320666 0.436784 0.242551 
0.152496 0.228277 0.619227 
0.320463 0.437168 0.242368 
0.152045 0.227789 0.620165 
0.321399 0.436754 0.241847 
0.151853 0.226884 0.621263 
0.322588 0.434984 0.242428 
0.152054 0.227 0.620946 
0.323842 0.433444 0.242714 
0.151484 0.225841 0.622675 
0.324732 0.433013 0.242255 
0.151996 0.226441 0.621563 
0.325674 0.431799 0.242527 
0.152448 0.226852 0.620699 
0.325386 0.431834 0.24278 
0.152328 0.226419 0.621253 
0.327396 0.429245 0.243359 
0.152276 0.225929 0.621795 
0.328788 0.427231 0.243982 
0.151872 0.225058 0.623069 
0.328918 0.426437 0.244644 
0.15192 0.224901 0.623179 
0.329582 0.425266 0.245152 
0.152063 0.225287 0.622651 
0.330799 0.42361 0.245591 
0.152116 0.225292 0.622592 
0.331468 0.422485 0.246046 
0.152161 0.225141 0.622697 
0.332524 0.421182 0.246294 
0.152149 0.224916 0.622935 
0.333443 0.419669 0.246888 
0.152263 0.224509 0.623228 
0.333955 0.418552 0.247493 
0.152365 0.224363 0.623272 
0.335867 0.416577 0.247556 
0.152388 0.223747 0.623865 
0.336747 0.415538 0.247715 
0.152143 0.222507 0.625351 
0.336264 0.415536 0.248199 
0.152097 0.221753 0.626149 
0.336933 0.414482 0.248585 
0.152213 0.221628 0.626159 
0.336899 0.413838 0.249263 
0.151877 0.220457 0.627665 
0.337679 0.412737 0.249584 
0.151373 0.219063 0.629564 
0.337848 0.411975 0.250178 
0.151408 0.219239 0.629353 
0.339379 0.409859 0.250762 
0.151165 0.218603 0.630232 
0.34075 0.40811 0.25114 
0.151051 0.218209 0.63074 
0.341962 0.407272 0.250766 
0.150996 0.218317 0.630687 
0.34269 0.406415 0.250895 
0.150383 0.217194 0.632423 
0.34387 0.405604 0.250526 
0.150597 0.217347 0.632057 
0.343918 0.405064 0.251018 
0.151111 0.217944 0.630945 
0.344433 0.404457 0.251111 
0.150997 0.217475 0.631529 
0.345723 0.403073 0.251204 
0.150651 0.216384 0.632966 
0.345477 0.402884 0.251639 
0.150147 0.215664 0.634189 
0.346377 0.402865 0.250759 
0.150089 0.214851 0.63506 
0.347532 0.401982 0.250486 
0.150439 0.215455 0.634106 
0.347271 0.401773 0.250956 
0.150543 0.21509 0.634368 
0.348532 0.400346 0.251122 
0.150629 0.214493 0.634878 
0.348692 0.400231 0.251076 
0.150297 0.21339 0.636313 
0.349013 0.399428 0.251559 
0.150027 0.213046 0.636927 
0.349835 0.398085 0.25208 
0.149782 0.212286 0.637933 
0.350043 0.397892 0.252065 
0.149311 0.211486 0.639203 
0.3499 0.397698 0.252402 
0.148862 0.210348 0.64079 
0.350717 0.396505 0.252777 
0.149094 0.210527 0.640379 
0.351662 0.395612 0.252725 
0.148725 0.209814 0.64146 
0.350881 0.395908 0.253211 
0.148801 0.209868 0.641331 
0.351823 0.394885 0.253293 
0.148773 0.210127 0.6411 
0.352799 0.393307 0.253893 
0.148523 0.209838 0.641639 
0.353723 0.393045 0.253232 
0.148273 0.209273 0.642454 
0.355174 0.391273 0.253553 
0.148332 0.20905 0.642618 
0.35614 0.39032 0.25354 
0.148304 0.208701 0.642995 
0.35626 0.390758 0.252983 
0.147892 0.207859 0.644248 
0.358007 0.388996 0.252997 
0.147775 0.207353 0.644872 
0.359962 0.387442 0.252595 
0.147831 0.207143 0.645025 
0.360373 0.38682 0.252807 
0.147549 0.206444 0.646007 
0.361994 0.384981 0.253025 
0.147795 0.206291 0.645914 
0.364037 0.38295 0.253013 
0.148305 0.206845 0.644849 
0.365728 0.381222 0.253049 
0.148052 0.206027 0.645921 
0.366436 0.380423 0.253142 
0.148135 0.206198 0.645667 
0.367664 0.378584 0.253751 
0.148582 0.206309 0.645109 
0.367928 0.378723 0.253349 
0.148823 0.206597 0.64458 
0.369171 0.377726 0.253103 
0.149067 0.20659 0.644343 
0.369941 0.376862 0.253196 
0.148812 0.206398 0.64479 
0.370247 0.376173 0.25358 
0.148196 0.205105 0.646698 
0.371055 0.375359 0.253586 
0.148652 0.205731 0.645617 
0.371208 0.375516 0.253276 
0.148629 0.205454 0.645918 
0.371929 0.375424 0.252647 
0.148398 0.205076 0.646526 
0.372374 0.374584 0.253042 
0.148351 0.204541 0.647108 
0.372655 0.374302 0.253043 
0.14823 0.204523 0.647247 
0.374264 0.372575 0.253161 
0.148012 0.203952 0.648036 
0.375637 0.371695 0.252668 
0.147991 0.203435 0.648574 
0.377686 0.369713 0.2526 
0.147998 0.202993 0.649009 
0.378484 0.369274 0.252242 
0.148408 0.203584 0.648008 
0.380379 0.367373 0.252248 
0.148167 0.202926 0.648907 
0.381107 0.366185 0.252708 
0.148158 0.202569 0.649273 
0.380824 0.365628 0.253548 
0.148106 0.202268 0.649627 
0.381497 0.364441 0.254062 
0.148432 0.202478 0.64909 
0.382822 0.362734 0.254444 
0.148654 0.202209 0.649137 
0.384049 0.36182 0.254132 
0.149012 0.202263 0.648725 
0.385582 0.360257 0.254161 
0.148808 0.201783 0.649408 
0.387385 0.358304 0.254311 
0.148604 0.20146 0.649936 
0.389596 0.35631 0.254094 
0.14842 0.200808 0.650772 
0.391168 0.355104 0.253729 
0.148591 0.200705 0.650704 
0.392255 0.354352 0.253393 
0.148468 0.200243 0.651289 
0.393352 0.354015 0.252633 
0.148318 0.200086 0.651596 
0.394975 0.352669 0.252356 
0.148104 0.199826 0.65207 
0.395778 0.351534 0.252688 
0.147721 0.199149 0.653129 
0.396752 0.350737 0.252511 
0.147921 0.199427 0.652652 
0.398831 0.349392 0.251778 
0.147864 0.19911 0.653026 
0.40058 0.347644 0.251776 
0.147812 0.198576 0.653612 
0.402227 0.34645 0.251323 
0.147391 0.197835 0.654774 
0.403622 0.345328 0.25105 
0.147329 0.197474 0.655197 
0.404567 0.34452 0.250913 
0.147466 0.197231 0.655303 
0.405618 0.343687 0.250695 
0.147125 0.196737 0.656138 
0.407422 0.342226 0.250352 
0.146844 0.196302 0.656853 
0.407604 0.342146 0.25025 
0.14666 0.195441 0.657899 
0.407972 0.34239 0.249637 
0.146671 0.195116 0.658213 
0.409787 0.340653 0.24956 
0.146625 0.19467 0.658705 
0.411101 0.339467 0.249433 
0.146814 0.194774 0.658412 
0.412178 0.338971 0.24885 
0.146806 0.194695 0.6585 
0.414222 0.33715 0.248628 
0.146588 0.194172 0.65924 
0.414611 0.336144 0.249245 
0.146764 0.194073 0.659163 
0.416116 0.334536 0.249348 
0.147108 0.194632 0.65826 
0.41699 0.333985 0.249024 
0.147039 0.194702 0.658259 
0.418287 0.33321 0.248503 
0.147382 0.194971 0.657646 
0.419953 0.331656 0.248392 
0.147485 0.1949 0.657615 
0.420624 0.330935 0.248441 
0.147706 0.194703 0.65759 
0.42109 0.330176 0.248734 
0.147618 0.194855 0.657527 
0.422034 0.329547 0.248419 
0.147847 0.194653 0.657501 
0.424545 0.32712 0.248335 
0.148136 0.194892 0.656972 
0.426507 0.325818 0.247675 
0.148547 0.195163 0.65629 
0.427168 0.325329 0.247504 
0.14822 0.194748 0.657032 
0.426481 0.325538 0.247981 
0.148149 0.194539 0.657312 
0.428269 0.324431 0.2473 
0.148329 0.194681 0.656989 
0.429598 0.32275 0.247652 
0.148083 0.194375 0.657542 
0.431833 0.32167 0.246497 
0.147939 0.193926 0.658135 
0.432257 0.32145 0.246293 
0.148344 0.194246 0.65741 
0.433526 0.320706 0.245768 
0.148135 0.193753 0.658113 
0.433972 0.320922 0.245107 
0.148261 0.193689 0.658049 
0.436177 0.319264 0.244559 
0.148562 0.193784 0.657654 
0.436791 0.318749 0.24446 
0.149015 0.194066 0.656919 
0.437163 0.318632 0.244205 
0.149424 0.194746 0.65583 
0.438273 0.31757 0.244158 
0.14942 0.194433 0.656146 
0.440013 0.316642 0.243346 
0.149434 0.194568 0.655998 
0.439935 0.316971 0.243094 
0.149976 0.19496 0.655064 
0.441484 0.316196 0.24232 
0.150178 0.195035 0.654787 
0.442459 0.315703 0.241838 
0.150285 0.195052 0.654663 
0.442282 0.31611 0.241608 
0.150718 0.195369 0.653913 
0.442891 0.315514 0.241595 
0.150303 0.195049 0.654648 
0.444139 0.314277 0.241583 
0.150627 0.19553 0.653843 
0.445211 0.313272 0.241518 
0.150882 0.19557 0.653549 
0.445494 0.312783 0.241722 
0.150915 0.195364 0.65372 
0.445825 0.312364 0.241811 
0.150967 0.195329 0.653704 
0.447674 0.310953 0.241374 
0.151101 0.19563 0.653269 
0.448392 0.309796 0.241811 
0.151411 0.195916 0.652672 
0.449714 0.309262 0.241024 
0.151091 0.195087 0.653822 
0.45076 0.308329 0.240911 
0.151488 0.19539 0.653122 
0.452138 0.307457 0.240405 
0.152272 0.196395 0.651333 
0.453319 0.306565 0.240116 
0.15241 0.19638 0.65121 
0.455699 0.305298 0.239004 
0.152609 0.196672 0.650719 
0.456549 0.304579 0.238871 
0.152887 0.197079 0.650034 
0.456909 0.304133 0.238958 
0.153312 0.197773 0.648914 
0.457777 0.303686 0.238537 
0.153377 0.197621 0.649002 
0.458884 0.302501 0.238615 
0.153427 0.197297 0.649276 
0.46048 0.301542 0.237978 
0.153455 0.197002 0.649543 
0.462341 0.300287 0.237373 
0.154018 0.197543 0.648439 
0.462802 0.300203 0.236996 
0.154284 0.197767 0.647949 
0.463106 0.300305 0.236588 
0.154767 0.198066 0.647167 
0.463226 0.300105 0.236668 
0.154902 0.197903 0.647195 
0.464728 0.298591 0.23668 
0.155205 0.198075 0.64672 
0.466141 0.297712 0.236147 
0.154979 0.197364 0.647657 
0.466689 0.297166 0.236144 
0.155101 0.197425 0.647474 
0.46803 0.295704 0.236266 
0.155288 0.197279 0.647433 
0.468829 0.295295 0.235876 
0.155039 0.196548 0.648413 
0.470207 0.294253 0.235541 
0.155161 0.196356 0.648483 
0.471178 0.293136 0.235685 
0.155824 0.196746 0.64743 
0.47237 0.292431 0.235199 
0.156467 0.197537 0.645996 
0.473252 0.291422 0.235326 
0.156671 0.197607 0.645722 
0.473589 0.291932 0.23448 
0.157236 0.198265 0.644499 
0.476086 0.290487 0.233428 
0.157698 0.198922 0.64338 
0.476959 0.290003 0.233038 
0.157457 0.198187 0.644356 
0.478024 0.289257 0.232719 
0.157307 0.197601 0.645092 
0.479038 0.288657 0.232305 
0.157184 0.196861 0.645954 
0.478718 0.288571 0.232711 
0.157625 0.197178 0.645196 
0.480079 0.287607 0.232313 
0.157617 0.196534 0.645849 
0.48168 0.286518 0.231802 
0.157692 0.19642 0.645888 
0.483751 0.284908 0.231341 
0.157643 0.196494 0.645862 
0.484071 0.284587 0.231341 
0.15794 0.196834 0.645226 
0.485313 0.28345 0.231236 
0.158056 0.196564 0.64538 
0.487024 0.282121 0.230855 
0.158333 0.196645 0.645023 
0.488002 0.281611 0.230386 
0.158553 0.196628 0.644819 
0.488368 0.281486 0.230146 
0.158723 0.196493 0.644783 
0.489061 0.280949 0.22999 
0.159171 0.197223 0.643607 
0.489387 0.280949 0.229665 
0.159559 0.197838 0.642602 
0.490486 0.280246 0.229268 
0.160333 0.19865 0.641018 
0.492719 0.278848 0.228433 
0.160587 0.199155 0.640259 
0.494655 0.27772 0.227625 
0.160944 0.199322 0.639733 
0.496374 0.276238 0.227388 
0.160316 0.198747 0.640936 
0.497141 0.275793 0.227066 
0.160864 0.199348 0.639788 
0.4978 0.275645 0.226555 
0.161524 0.199848 0.638628 
0.499907 0.274449 0.225644 
0.161647 0.200063 0.63829 
0.500925 0.27338 0.225695 
0.161731 0.200223 0.638046 
0.501407 0.273472 0.225121 
0.162104 0.200099 0.637797 
0.502651 0.272903 0.224446 
0.162043 0.200051 0.637906 
0.505201 0.271799 0.223 
0.161971 0.199819 0.638211 
0.505264 0.271727 0.223008 
0.162114 0.199974 0.637912 
0.505918 0.271513 0.222569 
0.162211 0.199887 0.637902 
0.506227 0.271255 0.222518 
0.162273 0.199936 0.637791 
0.507394 0.270516 0.22209 
0.162071 0.199953 0.637975 
0.508344 0.269659 0.221997 
0.162623 0.200405 0.636972 
0.50904 0.26908 0.22188 
0.162905 0.200606 0.63649 
0.510065 0.268607 0.221329 
0.162781 0.20031 0.636909 
0.511426 0.267549 0.221024 
0.16348 0.200791 0.635729 
0.511996 0.267107 0.220896 
0.163845 0.201135 0.63502 
0.512804 0.266756 0.22044 
0.164504 0.201603 0.633893 
0.514146 0.265952 0.219902 
0.16473 0.201672 0.633597 
0.514857 0.265793 0.21935 
0.165378 0.202169 0.632453 
0.516654 0.264957 0.218389 
0.165788 0.202483 0.631729 
0.518092 0.264316 0.217592 
0.166088 0.202605 0.631308 
0.518596 0.263997 0.217407 
0.166335 0.202714 0.630951 
0.520241 0.263104 0.216656 
0.166927 0.203478 0.629596 
0.522691 0.261744 0.215565 
0.167294 0.203693 0.629013 
0.523663 0.261155 0.215183 
0.16763 0.204387 0.627982 
0.524219 0.260833 0.214949 
0.167971 0.204513 0.627515 
0.524556 0.260374 0.21507 
0.167981 0.204656 0.627363 
0.524764 0.260461 0.214775 
0.167664 0.203895 0.628442 
0.525926 0.259376 0.214699 
0.167882 0.203828 0.62829 
0.527275 0.25857 0.214154 
0.168538 0.204712 0.62675 
0.528664 0.257612 0.213723 
0.168792 0.204902 0.626306 
0.53113 0.256453 0.212417 
0.169241 0.205344 0.625415 
0.531667 0.256383 0.21195 
0.169317 0.205563 0.625119 
0.533673 0.255532 0.210795 
0.169846 0.206098 0.624056 
0.534873 0.254669 0.210458 
0.170962 0.207248 0.62179 
0.536914 0.253344 0.209742 
0.17126 0.207735 0.621005 
0.538553 0.25235 0.209097 
0.171737 0.207923 0.62034 
0.539823 0.251332 0.208845 
0.171826 0.207799 0.620375 
0.540945 0.250741 0.208314 
0.171949 0.207675 0.620376 
0.541395 0.250534 0.208071 
0.172728 0.208344 0.618929 
0.543089 0.24963 0.207281 
0.172995 0.208655 0.61835 
0.543126 0.249633 0.207241 
0.173512 0.208835 0.617654 
0.544916 0.24853 0.206554 
0.173494 0.208524 0.617982 
0.546143 0.247826 0.206031 
0.174085 0.209352 0.616564 
0.546802 0.247521 0.205676 
0.174595 0.209843 0.615562 
0.547714 0.247044 0.205242 
0.174389 0.209346 0.616265 
0.549281 0.246145 0.204575 
0.174296 0.209076 0.616628 
0.549314 0.2463 0.204386 
0.17468 0.209471 0.615849 
0.551783 0.244938 0.203279 
0.175147 0.210172 0.614681 
0.552788 0.244461 0.202751 
0.175135 0.209948 0.614917 
0.554249 0.243597 0.202154 
0.17546 0.210015 0.614525 
0.554302 0.24372 0.201977 
0.176226 0.210404 0.613371 
0.556574 0.242761 0.200665 
0.176291 0.209579 0.61413 
0.557568 0.242009 0.200423 
0.176912 0.210079 0.613008 
0.557462 0.242439 0.200099 
0.177351 0.210522 0.612127 
0.559222 0.241449 0.199329 
0.177877 0.211114 0.611009 
0.559315 0.241503 0.199182 
0.178278 0.211373 0.61035 
0.562195 0.239798 0.198007 
0.179103 0.212105 0.608793 
0.564239 0.239022 0.196739 
0.179609 0.212957 0.607435 
0.56553 0.237936 0.196535 
0.18014 0.213436 0.606424 
0.567787 0.236755 0.195457 
0.180673 0.213901 0.605426 
0.569154 0.236056 0.194789 
0.180755 0.213467 0.605778 
0.570391 0.235393 0.194216 
0.182087 0.214742 0.603171 
0.571146 0.235056 0.193798 
0.18248 0.215034 0.602487 
0.572342 0.234414 0.193244 
0.182815 0.215846 0.601339 
0.573897 0.233434 0.192668 
0.183267 0.216178 0.600555 
0.575098 0.232885 0.192017 
0.183428 0.216698 0.599874 
0.57537 0.232728 0.191901 
0.183582 0.21724 0.599178 
0.577216 0.231409 0.191375 
0.184778 0.218994 0.596227 
0.578717 0.230789 0.190493 
0.185741 0.219771 0.594488 
0.578442 0.231138 0.190421 
0.185966 0.219778 0.594256 
0.579369 0.230582 0.190049 
0.186217 0.220277 0.593506 
0.579616 0.230581 0.189803 
0.18673 0.220649 0.592621 
0.580506 0.229946 0.189549 
0.186687 0.220404 0.592909 
0.581843 0.229133 0.189023 
0.188001 0.221493 0.590505 
0.583337 0.228373 0.18829 
0.188175 0.221587 0.590238 
0.583826 0.228092 0.188082 
