10000
4
3
0.246256 0.391342 0.362402 
0.133149 0.286774 0.580077 
0.0941916 0.576511 0.329297 
0.178181 0.49812 0.323699 
0.251001 0.384202 0.364797 
0.128297 0.276324 0.595379 
0.0932056 0.580944 0.32585 
0.173995 0.491853 0.334152 
0.244848 0.37897 0.376183 
0.117592 0.265232 0.617175 
0.0960508 0.562946 0.341003 
0.177755 0.487632 0.334614 
0.241544 0.373044 0.385412 
0.116303 0.256425 0.627273 
0.0934102 0.579665 0.326924 
0.184931 0.474598 0.340471 
0.239081 0.360844 0.400075 
0.11806 0.251897 0.630043 
0.0943167 0.57168 0.334003 
0.183332 0.466035 0.350633 
0.237756 0.350313 0.411931 
0.119132 0.245106 0.635762 
0.0937331 0.582525 0.323741 
0.187364 0.439667 0.37297 
0.243442 0.335211 0.421347 
0.116295 0.239296 0.644409 
0.093333 0.573965 0.332702 
0.192767 0.439605 0.367628 
0.232033 0.317707 0.45026 
0.117454 0.233658 0.648888 
0.091792 0.569418 0.33879 
0.193144 0.426024 0.380832 
0.234634 0.313982 0.451384 
0.118255 0.219033 0.662711 
0.0933596 0.546977 0.359664 
0.19743 0.423761 0.378809 
0.24319 0.310472 0.446338 
0.11599 0.21754 0.666471 
0.0956335 0.535942 0.368424 
0.190411 0.415033 0.394555 
0.252163 0.303179 0.444658 
0.120581 0.22615 0.65327 
0.0975843 0.515027 0.387389 
0.203468 0.403656 0.392876 
0.263009 0.295826 0.441165 
0.118542 0.229274 0.652184 
0.103403 0.490909 0.405688 
0.197651 0.39931 0.403039 
0.259791 0.297117 0.443091 
0.121824 0.226815 0.651361 
0.106535 0.489194 0.404271 
0.191565 0.393014 0.415421 
0.252091 0.288311 0.459599 
0.116564 0.211662 0.671774 
0.108707 0.473243 0.41805 
0.199967 0.380608 0.419425 
0.257604 0.288142 0.454254 
0.118388 0.212835 0.668777 
0.111342 0.44596 0.442698 
0.194116 0.374788 0.431096 
0.25277 0.26586 0.48137 
0.11796 0.206093 0.675947 
0.111328 0.436613 0.452059 
0.193835 0.36602 0.440145 
0.263419 0.265636 0.470945 
0.119249 0.204219 0.676533 
0.112758 0.422276 0.464966 
0.201186 0.349527 0.449287 
0.270807 0.254625 0.474568 
0.125857 0.206167 0.667976 
0.111878 0.407956 0.480165 
0.198182 0.354793 0.447026 
0.267274 0.243064 0.489662 
0.126714 0.200765 0.672521 
0.110412 0.397608 0.49198 
0.194384 0.359789 0.445828 
0.255638 0.232482 0.511881 
0.133587 0.200804 0.665609 
0.10866 0.387406 0.503933 
0.190498 0.361524 0.447978 
0.260605 0.233381 0.506015 
0.129731 0.188945 0.681324 
0.112998 0.378828 0.508173 
0.189204 0.351587 0.459209 
0.260476 0.228406 0.511117 
0.124968 0.185068 0.689964 
0.118649 0.382176 0.499174 
0.203447 0.349765 0.446788 
0.257606 0.222259 0.520135 
0.118177 0.175011 0.706812 
0.117201 0.362708 0.520091 
0.209462 0.352975 0.437563 
0.264075 0.226777 0.509148 
0.114012 0.165132 0.720856 
0.119036 0.359292 0.521673 
0.223826 0.335316 0.440858 
0.254838 0.224055 0.521107 
0.108576 0.151471 0.739953 
0.116963 0.357474 0.525563 
0.22119 0.331368 0.447441 
0.26785 0.22401 0.50814 
0.106894 0.149123 0.743984 
0.115694 0.348199 0.536107 
0.223015 0.325853 0.451132 
0.259267 0.219952 0.520781 
0.107528 0.151516 0.740955 
0.119542 0.341095 0.539363 
0.224075 0.310398 0.465527 
0.264412 0.215536 0.520052 
0.113025 0.155329 0.731645 
0.119542 0.341095 0.539363 
0.22028 0.288193 0.491527 
0.272731 0.218359 0.50891 
0.110767 0.144803 0.74443 
0.122563 0.324445 0.552992 
0.230018 0.287359 0.482623 
0.276201 0.221137 0.502661 
0.107704 0.140797 0.751499 
0.125109 0.331186 0.543705 
0.221803 0.270255 0.507942 
0.27494 0.213452 0.511609 
0.109806 0.14561 0.744584 
0.126014 0.321111 0.552875 
0.230004 0.263927 0.506069 
0.277644 0.221773 0.500582 
0.102942 0.136412 0.760645 
0.134038 0.324901 0.541061 
0.235929 0.244963 0.519107 
0.285398 0.225135 0.489467 
0.110929 0.135165 0.753906 
0.132322 0.31544 0.552238 
0.242182 0.238673 0.519145 
0.299955 0.214186 0.485859 
0.118907 0.141702 0.739391 
0.136818 0.321837 0.541345 
0.247784 0.233179 0.519036 
0.299752 0.220748 0.4795 
0.123952 0.142872 0.733175 
0.135619 0.307275 0.557106 
0.250808 0.229049 0.520142 
0.294181 0.207557 0.498262 
0.12441 0.139707 0.735883 
0.139045 0.295756 0.565199 
0.265162 0.224661 0.510177 
0.307217 0.207907 0.484877 
0.127801 0.139166 0.733033 
0.142376 0.29234 0.565283 
0.265861 0.222618 0.511521 
0.321401 0.206305 0.472294 
0.134265 0.140473 0.725262 
0.142854 0.297011 0.560135 
0.265572 0.216112 0.518316 
0.325042 0.203639 0.471319 
0.132314 0.136902 0.730784 
0.151213 0.294114 0.554672 
0.27173 0.20749 0.52078 
0.317457 0.207454 0.475089 
0.14046 0.143406 0.716134 
0.153636 0.289031 0.557333 
0.272665 0.204763 0.522572 
0.324167 0.206608 0.469225 
0.131363 0.134118 0.734519 
0.15022 0.282603 0.567178 
0.271217 0.196612 0.532171 
0.334445 0.201761 0.463794 
0.1318 0.131241 0.736959 
0.151822 0.28207 0.566108 
0.263214 0.190811 0.545974 
0.338192 0.205435 0.456373 
0.133658 0.133092 0.73325 
0.152479 0.278965 0.568556 
0.286823 0.188139 0.525037 
0.338747 0.199025 0.462228 
0.135448 0.131325 0.733227 
0.157061 0.275501 0.567438 
0.304852 0.190213 0.504935 
0.339199 0.197956 0.462846 
0.137155 0.127766 0.73508 
0.147671 0.27857 0.573759 
0.322613 0.193886 0.483502 
0.350494 0.194572 0.454934 
0.13736 0.12646 0.73618 
0.148394 0.295627 0.555979 
0.322894 0.188319 0.488787 
0.348726 0.198637 0.452638 
0.131495 0.12106 0.747445 
0.144684 0.279717 0.575599 
0.349388 0.182967 0.467645 
0.35112 0.197906 0.450974 
0.131495 0.12106 0.747445 
0.148467 0.2699 0.581633 
0.346448 0.179423 0.47413 
0.364637 0.193784 0.44158 
0.124476 0.114599 0.760925 
0.153248 0.256316 0.590437 
0.353821 0.18172 0.464459 
0.382115 0.192139 0.425747 
0.127093 0.115994 0.756913 
0.161392 0.251329 0.587279 
0.365234 0.180227 0.45454 
0.40214 0.194568 0.403292 
0.125793 0.116167 0.75804 
0.167459 0.237353 0.595187 
0.366812 0.168309 0.46488 
0.407528 0.197175 0.395297 
0.127664 0.111524 0.760812 
0.170134 0.225015 0.604851 
0.365255 0.171837 0.462907 
0.415045 0.198152 0.386803 
0.122966 0.105181 0.771853 
0.172105 0.220725 0.60717 
0.373965 0.173877 0.452158 
0.428346 0.193647 0.378007 
0.130953 0.109995 0.759052 
0.184126 0.222652 0.593222 
0.391789 0.179581 0.42863 
0.424852 0.19483 0.380318 
0.132444 0.108841 0.758715 
0.193728 0.225897 0.580375 
0.394003 0.171009 0.434989 
0.431848 0.192461 0.375692 
0.135863 0.112439 0.751698 
0.20309 0.215932 0.580978 
0.40232 0.172142 0.425538 
0.428792 0.198175 0.373033 
0.14379 0.114873 0.741337 
0.22058 0.225332 0.554088 
0.407473 0.172181 0.420347 
0.436896 0.197923 0.365181 
0.146685 0.11573 0.737586 
0.226546 0.227602 0.545852 
0.424176 0.17419 0.401634 
0.453135 0.19723 0.349634 
0.152685 0.122197 0.725118 
0.232265 0.233347 0.534388 
0.425297 0.176717 0.397985 
0.446855 0.19667 0.356475 
0.169348 0.126792 0.70386 
0.232265 0.233347 0.534388 
0.432295 0.174566 0.393139 
0.474981 0.193406 0.331614 
0.177307 0.125577 0.697115 
0.232824 0.2225 0.544676 
0.437667 0.178958 0.383375 
0.493734 0.189875 0.316391 
0.179811 0.121496 0.698692 
0.232174 0.22467 0.543156 
0.45112 0.171887 0.376994 
0.517875 0.185162 0.296962 
0.182104 0.123045 0.694851 
0.23152 0.226855 0.541625 
0.469026 0.171212 0.359761 
0.534231 0.186726 0.279043 
0.193182 0.124856 0.681962 
0.231736 0.232473 0.535791 
0.475026 0.175897 0.349077 
0.544641 0.181512 0.273847 
0.195844 0.127991 0.676165 
0.235957 0.239885 0.524159 
0.490006 0.170878 0.339116 
0.545251 0.184001 0.270748 
0.200753 0.137397 0.661851 
0.241377 0.240002 0.518621 
0.50471 0.165951 0.329338 
0.563757 0.178689 0.257555 
0.212865 0.140484 0.646651 
0.243537 0.250357 0.506106 
0.513041 0.16316 0.323799 
0.558844 0.183515 0.257642 
0.212865 0.140484 0.646651 
0.244769 0.251624 0.503606 
0.54202 0.158593 0.299387 
0.562954 0.17751 0.259536 
0.216961 0.14129 0.641749 
0.245461 0.261978 0.492561 
0.547112 0.160083 0.292805 
0.549791 0.181836 0.268374 
0.209893 0.142566 0.647542 
0.246202 0.266295 0.487503 
0.536971 0.157116 0.305913 
0.558027 0.178509 0.263464 
0.207183 0.140725 0.652093 
0.258179 0.27925 0.462571 
0.549017 0.162255 0.288728 
0.556174 0.184308 0.259518 
0.204645 0.137546 0.657809 
0.26995 0.279732 0.450318 
0.552219 0.16555 0.282232 
0.560048 0.181513 0.258438 
0.211724 0.138995 0.649281 
0.26502 0.266888 0.468092 
0.557285 0.165557 0.277158 
0.555185 0.179937 0.264878 
0.216086 0.141858 0.642057 
0.271773 0.273689 0.454538 
0.566516 0.162105 0.271379 
0.574532 0.170587 0.254881 
0.21806 0.144303 0.637637 
0.291032 0.272525 0.436443 
0.578517 0.156458 0.265025 
0.590159 0.170296 0.239545 
0.218581 0.142258 0.639162 
0.2956 0.266615 0.437786 
0.573164 0.160665 0.266171 
0.606154 0.165586 0.22826 
0.221381 0.150885 0.627734 
0.300441 0.267137 0.432422 
0.590324 0.160668 0.249009 
0.59844 0.170114 0.231445 
0.225479 0.157338 0.617183 
0.326908 0.254388 0.418704 
0.592684 0.161688 0.245628 
0.600946 0.170827 0.228227 
0.238412 0.160593 0.600995 
0.319966 0.259146 0.420888 
0.608122 0.15744 0.234438 
0.582874 0.181712 0.235414 
0.250185 0.170948 0.578867 
0.335218 0.256828 0.407954 
0.620344 0.15157 0.228086 
0.588939 0.17907 0.231991 
0.252257 0.172363 0.57538 
0.338282 0.263531 0.398187 
0.61872 0.158915 0.222365 
0.56744 0.181379 0.251181 
0.259358 0.180467 0.560175 
0.339075 0.268995 0.391929 
0.632657 0.153106 0.214236 
0.568355 0.18627 0.245375 
0.270246 0.185844 0.54391 
0.356233 0.274044 0.369723 
0.641432 0.148482 0.210087 
0.574241 0.18044 0.24532 
0.262657 0.175152 0.56219 
0.35949 0.279639 0.360871 
0.631059 0.160501 0.208439 
0.586861 0.177618 0.235521 
0.278523 0.17845 0.543027 
0.349628 0.287505 0.362867 
0.650317 0.152124 0.197559 
0.583622 0.182157 0.234221 
0.274067 0.185626 0.540308 
0.352293 0.282073 0.365633 
0.644383 0.159577 0.19604 
0.565982 0.19523 0.238788 
0.289583 0.189131 0.521286 
0.342595 0.283606 0.373799 
0.639406 0.166068 0.194526 
0.553478 0.199277 0.247245 
0.293314 0.186172 0.520514 
0.347566 0.279002 0.373432 
0.648891 0.165194 0.185915 
0.558001 0.200905 0.241093 
0.298035 0.198867 0.503097 
0.345087 0.277013 0.377899 
0.65548 0.161084 0.183436 
0.577477 0.188132 0.234391 
0.301033 0.198018 0.500949 
0.339382 0.284814 0.375804 
0.641401 0.169901 0.188699 
0.551447 0.205275 0.243277 
0.311662 0.211587 0.476751 
0.345172 0.293841 0.360987 
0.640122 0.169562 0.190315 
0.56731 0.19997 0.23272 
0.319171 0.222171 0.458658 
0.348273 0.287498 0.36423 
0.640312 0.172463 0.187225 
0.55783 0.201606 0.240564 
0.325872 0.224953 0.449175 
0.348658 0.292277 0.359065 
0.640446 0.175664 0.18389 
0.542602 0.208549 0.248849 
0.32889 0.231867 0.439243 
0.350579 0.293888 0.355532 
0.629436 0.180069 0.190496 
0.534695 0.210713 0.254592 
0.339156 0.22832 0.432524 
0.353408 0.302244 0.344348 
0.634177 0.18386 0.181963 
0.541955 0.211214 0.246832 
0.337207 0.232754 0.430038 
0.349609 0.322282 0.328109 
0.644021 0.181455 0.174524 
0.568265 0.19755 0.234185 
0.339277 0.234183 0.426541 
0.357221 0.324938 0.317841 
0.644065 0.178043 0.177892 
0.553108 0.204485 0.242407 
0.343215 0.236901 0.419883 
0.359108 0.326654 0.314238 
0.637289 0.182499 0.180211 
0.564115 0.197483 0.238402 
0.346412 0.239108 0.41448 
0.360908 0.328291 0.310801 
0.63477 0.18761 0.17762 
0.58146 0.191701 0.226839 
0.350768 0.22954 0.419692 
0.359307 0.34089 0.299803 
0.633489 0.191014 0.175497 
0.589974 0.186348 0.223678 
0.344448 0.2302 0.425352 
0.364263 0.351401 0.284337 
0.64079 0.187209 0.172001 
0.573102 0.192694 0.234204 
0.327057 0.243431 0.429512 
0.354029 0.361613 0.284358 
0.652142 0.182532 0.165326 
0.566068 0.202604 0.231329 
0.317447 0.244287 0.438266 
0.354772 0.383681 0.261547 
0.645022 0.183852 0.171126 
0.560044 0.207242 0.232714 
0.31763 0.237542 0.444828 
0.353053 0.395962 0.250985 
0.643544 0.183431 0.173025 
0.580021 0.206218 0.213761 
0.313276 0.234286 0.452439 
0.356673 0.40385 0.239476 
0.654852 0.179335 0.165812 
0.581654 0.212388 0.205958 
0.321248 0.234968 0.443784 
0.357675 0.404985 0.23734 
0.655931 0.176534 0.167536 
0.572809 0.212996 0.214196 
0.323283 0.236457 0.44026 
0.360008 0.404617 0.235375 
0.661597 0.176443 0.16196 
0.58093 0.2072 0.211869 
0.330921 0.247482 0.421597 
0.346141 0.421434 0.232425 
0.650192 0.181298 0.16851 
0.597656 0.197383 0.20496 
0.327915 0.254316 0.417768 
0.348271 0.424027 0.227702 
0.662751 0.179594 0.157655 
0.601679 0.196516 0.201805 
0.327556 0.259745 0.412699 
0.352361 0.423325 0.224314 
0.665239 0.178269 0.156492 
0.570775 0.219566 0.209659 
0.323251 0.269474 0.407275 
0.354602 0.426017 0.219381 
0.667446 0.176265 0.156288 
0.554371 0.227957 0.217672 
0.314977 0.262577 0.422446 
0.351041 0.43178 0.217179 
0.675248 0.174682 0.150069 
0.556558 0.23348 0.209962 
0.320716 0.258596 0.420689 
0.345112 0.439512 0.215375 
0.665632 0.181133 0.153235 
0.538475 0.241466 0.220059 
0.323141 0.257672 0.419187 
0.334242 0.441432 0.224327 
0.66198 0.185625 0.152395 
0.524309 0.25749 0.218201 
0.332776 0.261304 0.40592 
0.334201 0.437384 0.228415 
0.648886 0.19667 0.154444 
0.513594 0.270516 0.21589 
0.331904 0.271255 0.396841 
0.340455 0.438204 0.221341 
0.644974 0.197269 0.157757 
0.532668 0.262468 0.204864 
0.338089 0.263847 0.398064 
0.333012 0.445431 0.221557 
0.648741 0.198422 0.152838 
0.532689 0.270472 0.196839 
0.330803 0.274811 0.394385 
0.333992 0.446742 0.219265 
0.644743 0.203361 0.151896 
0.519268 0.286822 0.19391 
0.332101 0.286106 0.381793 
0.330739 0.455212 0.21405 
0.632213 0.209633 0.158154 
0.509868 0.2952 0.194933 
0.332564 0.290947 0.376489 
0.337858 0.449115 0.213027 
0.629122 0.216333 0.154545 
0.535363 0.277365 0.187271 
0.337105 0.299877 0.363018 
0.327939 0.45828 0.213781 
0.604846 0.233518 0.161636 
0.535156 0.269448 0.195396 
0.337719 0.311215 0.351066 
0.310277 0.4792 0.210522 
0.600682 0.235978 0.163339 
0.535156 0.269448 0.195396 
0.337244 0.302023 0.360733 
0.307342 0.47969 0.212968 
0.605175 0.234594 0.160231 
0.540059 0.265204 0.194737 
0.363567 0.305871 0.330563 
0.313223 0.478684 0.208093 
0.610324 0.232978 0.156698 
0.526015 0.281927 0.192059 
0.371369 0.304213 0.324417 
0.316749 0.472815 0.210436 
0.619126 0.233403 0.147472 
0.522452 0.284046 0.193502 
0.362859 0.301518 0.335623 
0.303731 0.48464 0.211629 
0.615245 0.238208 0.146547 
0.500392 0.289599 0.210009 
0.352725 0.304298 0.342977 
0.295594 0.501592 0.202815 
0.619613 0.237387 0.143 
0.490607 0.305647 0.203746 
0.357099 0.308071 0.33483 
0.289664 0.51159 0.198746 
0.597341 0.254258 0.148402 
0.488293 0.308922 0.202785 
0.359325 0.312822 0.327853 
0.29337 0.505342 0.201289 
0.604271 0.245606 0.150123 
0.484618 0.309841 0.205541 
0.372514 0.324305 0.303181 
0.280883 0.521516 0.1976 
0.587148 0.248385 0.164467 
0.476445 0.308448 0.215107 
0.368544 0.334647 0.296809 
0.285499 0.51959 0.194911 
0.565447 0.261441 0.173112 
0.466048 0.315747 0.218205 
0.358779 0.342483 0.298738 
0.2658 0.552736 0.181463 
0.546641 0.272756 0.180604 
0.468736 0.310038 0.221226 
0.356227 0.343846 0.299927 
0.260134 0.559287 0.180579 
0.537792 0.280536 0.181673 
0.464986 0.317982 0.217032 
0.342844 0.361189 0.295967 
0.254964 0.565302 0.179734 
0.531938 0.284089 0.183973 
0.44807 0.332716 0.219213 
0.34708 0.365651 0.287269 
0.259666 0.566212 0.174122 
0.527595 0.285314 0.187091 
0.431386 0.354016 0.214598 
0.344574 0.363011 0.292415 
0.257955 0.574448 0.167597 
0.504689 0.296354 0.198957 
0.43466 0.351978 0.213362 
0.345531 0.36402 0.290449 
0.248945 0.586984 0.164071 
0.50826 0.294217 0.197523 
0.41464 0.358914 0.226446 
0.336824 0.374023 0.289153 
0.243121 0.596647 0.160232 
0.517246 0.287679 0.195074 
0.403434 0.361051 0.235515 
0.313102 0.394494 0.292404 
0.246542 0.590972 0.162487 
0.502249 0.301094 0.196656 
0.386453 0.369697 0.243849 
0.318334 0.395186 0.28648 
0.253042 0.580186 0.166771 
0.478689 0.330094 0.191218 
0.376502 0.381359 0.242139 
0.310338 0.410378 0.279284 
0.250377 0.584608 0.165015 
0.487694 0.311404 0.200902 
0.373256 0.37807 0.248674 
0.310715 0.425636 0.263649 
0.252122 0.588684 0.159194 
0.485226 0.309828 0.204946 
0.366419 0.399526 0.234054 
0.30111 0.433627 0.265263 
0.253468 0.584475 0.162057 
0.475228 0.317777 0.206995 
0.364841 0.389518 0.245641 
0.293964 0.447069 0.258967 
0.249076 0.586566 0.164358 
0.454018 0.32888 0.217102 
0.359561 0.387943 0.252496 
0.289331 0.440022 0.270647 
0.242954 0.599175 0.157871 
0.449766 0.340951 0.209283 
0.361843 0.394536 0.243622 
0.289894 0.435723 0.274383 
0.255425 0.589305 0.15527 
0.442572 0.342636 0.214792 
0.362378 0.391188 0.246434 
0.280078 0.448119 0.271803 
0.25292 0.593333 0.153747 
0.432155 0.347355 0.22049 
0.365585 0.390723 0.243692 
0.283788 0.437344 0.278868 
0.251523 0.597478 0.150999 
0.422407 0.351028 0.226565 
0.349536 0.399324 0.25114 
0.286035 0.440806 0.273159 
0.259762 0.584293 0.155945 
0.411962 0.361103 0.226935 
0.340564 0.400351 0.259084 
0.289472 0.441874 0.268654 
0.247596 0.601458 0.150946 
0.411444 0.356169 0.232387 
0.337289 0.403776 0.258936 
0.274745 0.451032 0.274222 
0.248127 0.602749 0.149124 
0.40918 0.354209 0.236611 
0.312479 0.413417 0.274105 
0.273368 0.453785 0.272847 
0.243164 0.60062 0.156216 
0.393347 0.372909 0.233744 
0.315443 0.399831 0.284725 
0.267333 0.450152 0.282515 
0.232144 0.612929 0.154927 
0.384548 0.374419 0.241034 
0.314586 0.407704 0.27771 
0.268936 0.446854 0.28421 
0.228964 0.611287 0.159749 
0.379236 0.386689 0.234075 
0.314144 0.41144 0.274417 
0.267734 0.449327 0.282939 
0.242237 0.598841 0.158923 
0.382581 0.37731 0.240108 
0.306649 0.407015 0.286336 
0.267026 0.439266 0.293708 
0.238833 0.599581 0.161586 
0.386179 0.371455 0.242366 
0.303074 0.413928 0.282998 
0.25997 0.443495 0.296535 
0.238833 0.599581 0.161586 
0.384126 0.36424 0.251634 
0.287785 0.434385 0.27783 
0.255884 0.448323 0.295793 
0.230825 0.607397 0.161778 
0.381345 0.361602 0.257053 
0.281515 0.446707 0.271778 
0.257961 0.437144 0.304894 
0.225047 0.613468 0.161484 
0.383402 0.355099 0.261498 
0.264634 0.454893 0.280473 
0.248517 0.436269 0.315215 
0.22697 0.607035 0.165995 
0.384488 0.362638 0.252874 
0.274136 0.451458 0.274406 
0.241019 0.423107 0.335875 
0.233465 0.598211 0.168324 
0.380066 0.369968 0.249966 
0.276286 0.447155 0.276559 
0.242812 0.406659 0.350529 
0.226316 0.601368 0.172317 
0.391315 0.347331 0.261354 
0.282855 0.434011 0.283134 
0.236731 0.417902 0.345367 
0.221795 0.609331 0.168874 
0.395822 0.339813 0.264365 
0.283996 0.423488 0.292516 
0.239692 0.410622 0.349686 
0.216704 0.615525 0.167771 
0.40414 0.331872 0.263988 
0.286715 0.42188 0.291405 
0.237778 0.411656 0.350566 
0.217545 0.60915 0.173304 
0.410175 0.328511 0.261315 
0.277713 0.427204 0.295083 
0.234821 0.406536 0.358643 
0.218802 0.604554 0.176645 
0.412232 0.339728 0.248039 
0.265839 0.434227 0.299934 
0.228751 0.414025 0.357223 
0.219682 0.596952 0.183366 
0.392787 0.346019 0.261195 
0.260879 0.444784 0.294337 
0.22583 0.42151 0.352661 
0.216117 0.592884 0.190999 
0.393547 0.338128 0.268325 
0.254414 0.458542 0.287044 
0.217975 0.430092 0.351933 
0.212921 0.598904 0.188175 
0.381679 0.344745 0.273576 
0.259667 0.434764 0.305569 
0.205168 0.421343 0.373489 
0.212971 0.592772 0.194257 
0.384316 0.326095 0.289589 
0.252147 0.428982 0.318871 
0.209438 0.421152 0.36941 
0.222501 0.574549 0.20295 
0.396416 0.31467 0.288914 
0.256938 0.418131 0.324931 
0.206591 0.420344 0.373065 
0.21968 0.582596 0.197723 
0.406322 0.317958 0.275719 
0.258726 0.414082 0.327192 
0.208526 0.419318 0.372155 
0.220833 0.567448 0.211719 
0.406089 0.321773 0.272138 
0.262492 0.401845 0.335663 
0.207967 0.436178 0.355854 
0.222126 0.561336 0.216538 
0.392055 0.32333 0.284615 
0.258176 0.401365 0.340459 
0.202606 0.437251 0.360143 
0.206032 0.579273 0.214695 
0.380884 0.331326 0.28779 
0.246852 0.407492 0.345656 
0.208455 0.444902 0.346642 
0.197103 0.584116 0.218781 
0.374227 0.329387 0.296385 
0.243732 0.402342 0.353926 
0.210713 0.434976 0.354311 
0.198054 0.57916 0.222787 
0.36734 0.329857 0.302803 
0.241568 0.398769 0.359664 
0.215821 0.436241 0.347938 
0.202656 0.569381 0.227964 
0.360913 0.324086 0.315001 
0.251011 0.385793 0.363197 
0.21105 0.441057 0.347892 
0.201909 0.553277 0.244814 
0.372524 0.318198 0.309278 
0.237175 0.392919 0.369906 
0.202786 0.437383 0.359831 
0.206913 0.549808 0.243279 
0.376934 0.314015 0.309052 
0.238324 0.38113 0.380546 
0.196149 0.435329 0.368521 
0.207028 0.544641 0.248331 
0.387833 0.308522 0.303645 
0.235912 0.382337 0.381751 
0.196285 0.430818 0.372897 
0.206425 0.535862 0.257713 
0.389312 0.302052 0.308637 
0.237036 0.384158 0.378805 
0.202329 0.430628 0.367043 
0.211074 0.530898 0.258028 
0.381819 0.299964 0.318216 
0.242744 0.36933 0.387927 
0.19163 0.427121 0.381249 
0.197938 0.550218 0.251844 
0.389239 0.292205 0.318556 
0.245104 0.377613 0.377283 
0.190542 0.434807 0.374651 
0.193848 0.555687 0.250465 
0.387859 0.291169 0.320972 
0.246305 0.369476 0.384219 
0.190049 0.4202 0.389751 
0.184665 0.576736 0.238599 
0.387496 0.283714 0.32879 
0.247516 0.366376 0.386108 
0.190139 0.411161 0.398699 
0.178067 0.581404 0.24053 
0.388856 0.276084 0.33506 
0.246064 0.351596 0.402339 
0.1957 0.386411 0.417889 
0.184722 0.568678 0.246601 
0.392491 0.272859 0.33465 
0.247217 0.356981 0.395802 
0.195759 0.390846 0.413395 
0.189263 0.561213 0.249525 
0.380966 0.269706 0.349328 
0.244424 0.349754 0.405823 
0.192434 0.395344 0.412222 
0.186355 0.559129 0.254517 
0.376688 0.27157 0.351742 
0.245895 0.356582 0.397523 
0.191929 0.370416 0.437655 
0.186498 0.539576 0.273927 
0.374556 0.272499 0.352945 
0.242653 0.348196 0.409151 
0.193502 0.359707 0.446792 
0.193339 0.537435 0.269226 
0.359827 0.281167 0.359006 
0.234433 0.359592 0.405974 
0.195581 0.352826 0.451593 
0.19331 0.545086 0.261604 
0.349848 0.277039 0.373113 
0.240178 0.348495 0.411327 
0.19109 0.335016 0.473894 
0.191038 0.538682 0.27028 
0.340025 0.281225 0.378751 
0.243873 0.338473 0.417654 
0.185034 0.321002 0.493964 
0.199622 0.524522 0.275856 
0.349877 0.280378 0.369744 
0.23931 0.317702 0.442989 
0.184907 0.308974 0.506119 
0.201914 0.52302 0.275066 
0.354704 0.284246 0.361049 
0.240202 0.315157 0.444641 
0.180639 0.310592 0.508769 
0.21097 0.506016 0.283014 
0.354704 0.284246 0.361049 
0.241574 0.311246 0.44718 
0.175537 0.301819 0.522643 
0.219899 0.493417 0.286684 
0.349616 0.2842 0.366184 
0.245739 0.29937 0.454891 
0.17764 0.293458 0.528903 
0.215657 0.492778 0.291565 
0.364923 0.277511 0.357566 
0.236331 0.293191 0.470477 
0.170739 0.298645 0.530616 
0.223469 0.493888 0.282642 
0.366666 0.268698 0.364636 
0.239749 0.297431 0.462819 
0.170739 0.298645 0.530616 
0.228296 0.485695 0.286009 
0.346065 0.284306 0.36963 
0.235429 0.303991 0.46058 
0.174263 0.293925 0.531812 
0.235419 0.481212 0.283369 
0.344969 0.286572 0.368459 
0.244398 0.306011 0.449591 
0.168715 0.284567 0.546718 
0.241077 0.468744 0.29018 
0.346779 0.28578 0.367441 
0.258512 0.300295 0.441193 
0.176118 0.297053 0.526829 
0.246492 0.462157 0.291351 
0.333986 0.285431 0.380583 
0.257063 0.295781 0.447156 
0.176698 0.294738 0.528564 
0.247367 0.482726 0.269907 
0.336214 0.284476 0.37931 
0.250818 0.302501 0.446681 
0.187531 0.29921 0.513259 
0.248199 0.48435 0.26745 
0.320182 0.291347 0.388472 
0.251885 0.303787 0.444328 
0.190003 0.289975 0.520022 
0.249778 0.472661 0.277562 
0.317051 0.298277 0.384673 
0.250788 0.306817 0.442394 
0.19659 0.273573 0.529837 
0.255499 0.463554 0.280947 
0.31465 0.299325 0.386025 
0.250918 0.325028 0.424054 
0.198258 0.273005 0.528737 
0.247895 0.471002 0.281103 
0.309111 0.307421 0.383468 
0.251775 0.322723 0.425502 
0.202839 0.271445 0.525716 
0.256843 0.468868 0.274289 
0.297585 0.312549 0.389865 
0.253795 0.310639 0.435566 
0.198731 0.252978 0.54829 
0.243889 0.482302 0.273809 
0.29726 0.308073 0.394667 
0.247139 0.302492 0.45037 
0.198019 0.244621 0.55736 
0.237003 0.489207 0.273789 
0.301455 0.306234 0.392311 
0.250012 0.301337 0.448651 
0.19423 0.236763 0.569007 
0.226305 0.474976 0.298719 
0.304201 0.306459 0.389341 
0.250372 0.304803 0.444825 
0.192029 0.231172 0.5768 
0.231043 0.453646 0.31531 
0.312871 0.281655 0.405474 
0.244429 0.30358 0.45199 
0.18854 0.226972 0.584489 
0.240773 0.445743 0.313484 
0.312428 0.278149 0.409424 
0.242749 0.289063 0.468188 
0.189879 0.221479 0.588642 
0.251105 0.450786 0.298109 
0.31235 0.265537 0.422112 
0.247633 0.27976 0.472606 
0.201494 0.225167 0.573339 
0.250167 0.449102 0.300731 
0.314724 0.271147 0.414129 
0.252323 0.281908 0.465769 
0.203394 0.224631 0.571975 
0.248277 0.445709 0.306014 
0.318847 0.269516 0.411637 
0.257913 0.265999 0.476088 
0.208751 0.216437 0.574811 
0.236678 0.452586 0.310736 
0.314503 0.269188 0.416309 
0.266178 0.267455 0.466367 
0.219848 0.222642 0.55751 
0.24774 0.431967 0.320293 
0.326308 0.279292 0.3944 
0.266756 0.27103 0.462214 
0.222575 0.225404 0.552021 
0.247355 0.437085 0.31556 
0.337315 0.267336 0.395349 
0.277574 0.263833 0.458593 
0.212446 0.212473 0.575081 
0.248195 0.42528 0.326526 
0.357344 0.263687 0.378969 
0.274176 0.260603 0.465221 
0.21746 0.209722 0.572818 
0.249701 0.421792 0.328507 
0.368012 0.25931 0.372678 
0.283655 0.253912 0.462433 
0.214767 0.200334 0.584899 
0.250111 0.414514 0.335375 
0.365946 0.268377 0.365677 
0.279039 0.239301 0.481659 
0.207626 0.193673 0.598702 
0.244037 0.415378 0.340585 
0.370707 0.269292 0.360001 
0.273065 0.250322 0.476613 
0.207626 0.193673 0.598702 
0.248827 0.409645 0.341529 
0.363182 0.274593 0.362225 
0.270291 0.244264 0.485445 
0.207954 0.186372 0.605674 
0.24698 0.401849 0.351172 
0.351505 0.269884 0.378611 
0.271205 0.248617 0.480178 
0.20257 0.191493 0.605938 
0.256701 0.403181 0.340118 
0.366401 0.260271 0.373328 
0.268731 0.255472 0.475797 
0.208146 0.19147 0.600384 
0.269335 0.394194 0.336472 
0.373784 0.250768 0.375448 
0.282943 0.246447 0.470609 
0.215879 0.187554 0.596567 
0.275652 0.385242 0.339106 
0.385434 0.248918 0.365648 
0.28104 0.24479 0.47417 
0.223355 0.180824 0.595821 
0.265397 0.384234 0.350369 
0.381286 0.24318 0.375534 
0.268514 0.241807 0.489679 
0.216825 0.183995 0.59918 
0.26377 0.392948 0.343282 
0.389328 0.232295 0.378376 
0.279687 0.248023 0.47229 
0.222757 0.18705 0.590193 
0.277873 0.38542 0.336707 
0.398499 0.23514 0.36636 
0.280457 0.251835 0.467708 
0.230071 0.186858 0.583072 
0.280386 0.379862 0.339752 
0.399277 0.239252 0.361471 
0.282355 0.234046 0.483599 
0.230682 0.184697 0.584621 
0.268223 0.372582 0.359195 
0.397217 0.235525 0.367257 
0.292012 0.236422 0.471567 
0.230682 0.184697 0.584621 
0.275677 0.364261 0.360062 
0.394986 0.231614 0.3734 
0.288497 0.227809 0.483694 
0.235042 0.177736 0.587222 
0.271685 0.358986 0.36933 
0.39218 0.225178 0.382642 
0.298717 0.232755 0.468528 
0.231121 0.171882 0.596997 
0.267231 0.366177 0.366592 
0.406983 0.221541 0.371476 
0.303959 0.236839 0.459202 
0.234098 0.179536 0.586365 
0.263249 0.379215 0.357536 
0.397707 0.219398 0.382896 
0.315127 0.23524 0.449633 
0.23214 0.178034 0.589826 
0.268912 0.365859 0.365229 
0.422324 0.212217 0.365459 
0.329652 0.232415 0.437933 
0.237993 0.178279 0.583728 
0.277568 0.354755 0.367677 
0.426249 0.209209 0.364542 
0.328207 0.231397 0.440396 
0.232993 0.172221 0.594786 
0.275708 0.352378 0.371914 
0.419833 0.213044 0.367123 
0.326007 0.222881 0.451112 
0.229537 0.169667 0.600797 
0.289275 0.359989 0.350736 
0.418034 0.216416 0.365549 
0.324382 0.226754 0.448864 
0.228224 0.174414 0.597361 
0.289193 0.366489 0.344318 
0.419535 0.213604 0.366862 
0.340923 0.219477 0.4396 
0.228834 0.17221 0.598956 
0.284417 0.371701 0.343882 
0.435584 0.211462 0.352954 
0.345197 0.222228 0.432574 
0.234922 0.168818 0.59626 
0.283259 0.365589 0.351152 
0.432366 0.213936 0.353698 
0.359612 0.220217 0.420171 
0.238067 0.166259 0.595673 
0.281904 0.379487 0.338609 
0.447483 0.205884 0.346632 
0.380903 0.216401 0.402696 
0.250602 0.160351 0.589047 
0.284018 0.382332 0.33365 
0.434703 0.208762 0.356535 
0.388404 0.210519 0.401077 
0.25502 0.16604 0.57894 
0.28376 0.388404 0.327837 
0.455281 0.201163 0.343556 
0.395545 0.200518 0.403938 
0.255834 0.171072 0.573095 
0.290987 0.384484 0.324529 
0.463681 0.19628 0.340039 
0.420388 0.203893 0.375719 
0.255834 0.171072 0.573095 
0.297372 0.374858 0.32777 
0.473492 0.190657 0.335851 
0.406735 0.213227 0.380038 
0.256799 0.167943 0.575257 
0.298396 0.376149 0.325455 
0.462157 0.198922 0.338921 
0.412425 0.211182 0.376393 
0.25501 0.161589 0.583402 
0.31231 0.36135 0.326341 
0.458608 0.200235 0.341158 
0.413904 0.225392 0.360704 
0.257513 0.167059 0.575428 
0.313334 0.359254 0.327411 
0.465352 0.199821 0.334826 
0.419842 0.228625 0.351533 
0.250777 0.165976 0.583247 
0.310576 0.359202 0.330222 
0.451775 0.206502 0.341723 
0.419842 0.228625 0.351533 
0.269831 0.171224 0.558945 
0.30956 0.361297 0.329143 
0.446602 0.204138 0.34926 
0.42228 0.227665 0.350056 
0.269618 0.16438 0.566001 
0.31957 0.372979 0.307451 
0.435263 0.209707 0.355031 
0.427521 0.234064 0.338415 
0.284145 0.168357 0.547498 
0.325109 0.37601 0.298881 
0.434041 0.211925 0.354034 
0.426674 0.240371 0.332955 
0.286942 0.166278 0.546779 
0.330634 0.365407 0.303959 
0.421609 0.205855 0.372536 
0.440453 0.226254 0.333293 
0.289893 0.157706 0.552401 
0.331073 0.356859 0.312068 
0.442831 0.203117 0.354052 
0.44375 0.223646 0.332604 
0.317557 0.161615 0.520828 
0.329946 0.359047 0.311006 
0.448132 0.193578 0.35829 
0.447392 0.220785 0.331823 
0.325508 0.163831 0.510661 
0.325979 0.366754 0.307267 
0.453571 0.193333 0.353096 
0.438829 0.216559 0.344612 
0.351893 0.170786 0.477322 
0.337597 0.362365 0.300039 
0.448491 0.189437 0.362071 
0.455782 0.204882 0.339336 
0.353296 0.167479 0.479225 
0.330052 0.359364 0.310584 
0.442887 0.195572 0.361542 
0.468209 0.200204 0.331587 
0.362847 0.166368 0.470785 
0.326285 0.363246 0.310469 
0.452123 0.182467 0.36541 
0.485676 0.200256 0.314068 
0.370629 0.162034 0.467337 
0.336245 0.366536 0.297219 
0.457202 0.178925 0.363873 
0.490951 0.200513 0.308536 
0.360996 0.160475 0.478529 
0.350502 0.372643 0.276855 
0.482615 0.167514 0.349871 
0.492631 0.201199 0.306171 
0.372422 0.167936 0.459642 
0.33548 0.381261 0.283258 
0.470759 0.167288 0.361953 
0.519293 0.192821 0.287886 
0.380088 0.164672 0.45524 
0.341249 0.387818 0.270933 
0.490849 0.174428 0.334724 
0.516184 0.195673 0.288143 
0.394372 0.168252 0.437376 
0.343137 0.384431 0.272432 
0.511493 0.172899 0.315608 
0.524815 0.19371 0.281474 
0.392718 0.164989 0.442294 
0.34272 0.388028 0.269252 
0.498855 0.174685 0.32646 
0.540134 0.187466 0.2724 
0.388752 0.160088 0.45116 
0.335789 0.397458 0.266753 
0.501354 0.17556 0.323086 
0.556379 0.178192 0.26543 
0.38759 0.153029 0.459382 
0.338211 0.393112 0.268678 
0.504479 0.17446 0.321062 
0.544368 0.186603 0.269029 
0.395487 0.156147 0.448366 
0.353289 0.384155 0.262556 
0.509023 0.17286 0.318117 
0.558992 0.176141 0.264866 
0.402252 0.152973 0.444775 
0.370525 0.381971 0.247505 
0.507472 0.179879 0.312649 
0.557675 0.174536 0.267789 
0.39667 0.152874 0.450456 
0.372409 0.378828 0.248763 
0.494315 0.184684 0.321001 
0.547768 0.185892 0.26634 
0.394834 0.149844 0.455323 
0.37471 0.381169 0.24412 
0.507849 0.185788 0.306363 
0.548783 0.184384 0.266834 
0.391545 0.156926 0.45153 
0.389408 0.382384 0.228208 
0.520338 0.181073 0.298589 
0.549903 0.182719 0.267378 
0.406318 0.165835 0.427848 
0.408858 0.38017 0.210971 
0.532101 0.185167 0.282732 
0.539917 0.189951 0.270132 
0.41852 0.168104 0.413376 
0.402163 0.39032 0.207517 
0.538114 0.179119 0.282767 
0.541754 0.183987 0.274259 
0.429055 0.170701 0.400244 
0.402163 0.39032 0.207517 
0.532762 0.179717 0.287521 
0.523681 0.186968 0.289351 
0.446587 0.171035 0.382378 
0.409766 0.392431 0.197803 
0.549427 0.182276 0.268297 
0.530873 0.191653 0.277474 
0.44086 0.176235 0.382905 
0.397086 0.405081 0.197832 
0.531076 0.18451 0.284414 
0.526638 0.190124 0.283238 
0.451592 0.177965 0.370442 
0.397003 0.41009 0.192907 
0.536475 0.179078 0.284447 
0.535976 0.186374 0.277651 
0.450719 0.183641 0.36564 
0.406816 0.411473 0.181711 
0.540187 0.183625 0.276188 
0.542352 0.180679 0.276969 
0.458204 0.176781 0.365015 
0.400043 0.419157 0.1808 
0.532936 0.189585 0.27748 
0.530758 0.189007 0.280235 
0.467703 0.177041 0.355256 
0.376396 0.450632 0.172972 
0.531374 0.19196 0.276666 
0.540695 0.186233 0.273072 
0.459399 0.177411 0.36319 
0.3744 0.453546 0.172054 
0.529136 0.182842 0.288022 
0.535582 0.19393 0.270489 
0.460558 0.175336 0.364106 
0.367661 0.461382 0.170957 
0.539051 0.177705 0.283243 
0.532588 0.198435 0.268977 
0.456455 0.182683 0.360862 
0.359946 0.467011 0.173043 
0.539051 0.177705 0.283244 
0.526975 0.199169 0.273856 
0.461633 0.184755 0.353611 
0.366119 0.463974 0.169907 
0.541989 0.181245 0.276766 
0.521711 0.212054 0.266235 
0.478638 0.191561 0.329801 
0.366848 0.464898 0.168254 
0.552951 0.179162 0.267886 
0.515834 0.212008 0.272159 
0.491157 0.190615 0.318228 
0.355937 0.482168 0.161895 
0.558438 0.176964 0.264599 
0.511039 0.215713 0.273248 
0.489706 0.185875 0.324418 
0.357738 0.484607 0.157656 
0.558893 0.178803 0.262304 
0.513108 0.219311 0.267581 
0.498445 0.189192 0.312363 
0.35507 0.48845 0.15648 
0.555424 0.177693 0.266883 
0.538326 0.210812 0.250861 
0.502869 0.190872 0.306259 
0.35253 0.490374 0.157096 
0.552828 0.181537 0.265635 
0.538326 0.210812 0.250861 
0.512866 0.187033 0.3001 
0.369 0.4779 0.1531 
0.536898 0.19099 0.272113 
0.544533 0.207978 0.247488 
0.512866 0.187033 0.3001 
0.354388 0.492041 0.153572 
0.547384 0.189596 0.263019 
0.542072 0.207038 0.25089 
0.509743 0.188232 0.302025 
0.342369 0.504749 0.152882 
0.551007 0.184232 0.26476 
0.538691 0.214595 0.246714 
0.500504 0.199215 0.300281 
0.315878 0.539257 0.144864 
0.54454 0.190043 0.265417 
0.525413 0.220771 0.253816 
0.47984 0.214835 0.305325 
0.326196 0.529713 0.14409 
0.546816 0.193238 0.259946 
0.525413 0.220771 0.253816 
0.493151 0.214269 0.29258 
0.321581 0.538536 0.139883 
0.543771 0.197731 0.258499 
0.53575 0.222133 0.242118 
0.500153 0.205477 0.29437 
0.327193 0.532501 0.140305 
0.545908 0.194577 0.259515 
0.522244 0.226761 0.250994 
0.486346 0.209242 0.304412 
0.333285 0.52598 0.140736 
0.534047 0.203472 0.262481 
0.528243 0.226684 0.245073 
0.472398 0.211536 0.316066 
0.328905 0.532208 0.138886 
0.553656 0.203179 0.243165 
0.540834 0.225549 0.233617 
0.46562 0.215281 0.319099 
0.310089 0.554532 0.135379 
0.54604 0.206646 0.247314 
0.520359 0.241249 0.238392 
0.45567 0.220832 0.323498 
0.302019 0.566125 0.131856 
0.553286 0.199944 0.24677 
0.50466 0.254303 0.241036 
0.457892 0.217032 0.325076 
0.300856 0.571038 0.128105 
0.555402 0.203403 0.241195 
0.50466 0.254303 0.241036 
0.447936 0.226006 0.326058 
0.271861 0.603809 0.12433 
0.546846 0.208442 0.244712 
0.50466 0.254303 0.241036 
0.444874 0.231296 0.323829 
0.266323 0.609992 0.123686 
0.537767 0.215491 0.246741 
0.483039 0.263681 0.25328 
0.437384 0.244239 0.318377 
0.2694 0.609824 0.120776 
0.536289 0.214899 0.248812 
0.477501 0.274745 0.247754 
0.435048 0.239717 0.325235 
0.279295 0.593918 0.126787 
0.511351 0.226456 0.262193 
0.485516 0.275656 0.238829 
0.428725 0.241006 0.330269 
0.275055 0.601854 0.123091 
0.483497 0.247945 0.268559 
0.484782 0.284568 0.23065 
0.432518 0.250542 0.31694 
0.282408 0.593713 0.123879 
0.480376 0.249443 0.270181 
0.484782 0.284568 0.23065 
0.424967 0.246168 0.328865 
0.280175 0.596925 0.1229 
0.491447 0.248891 0.259662 
0.474927 0.285421 0.239652 
0.419073 0.256622 0.324304 
0.285756 0.594658 0.119586 
0.503946 0.242774 0.25328 
0.452026 0.305007 0.242967 
0.405752 0.258605 0.335642 
0.276489 0.604874 0.118637 
0.500424 0.251634 0.247942 
0.447401 0.312118 0.240481 
0.397821 0.258945 0.343234 
0.275982 0.603763 0.120255 
0.496586 0.244759 0.258655 
0.443659 0.317872 0.238469 
0.396242 0.269009 0.334749 
0.26413 0.617669 0.118201 
0.474889 0.25356 0.271552 
0.448066 0.317042 0.234892 
0.384155 0.272223 0.343623 
0.248409 0.642002 0.109589 
0.46115 0.258848 0.280002 
0.449668 0.326585 0.223748 
0.363798 0.290666 0.345536 
0.23628 0.659482 0.104238 
0.455633 0.261498 0.282869 
0.44637 0.328541 0.225088 
0.362317 0.289482 0.348202 
0.234258 0.663974 0.101768 
0.447553 0.259579 0.292868 
0.438265 0.338118 0.223616 
0.359991 0.283232 0.356777 
0.244037 0.647082 0.108881 
0.455633 0.261498 0.282869 
0.428445 0.342417 0.229139 
0.364968 0.293985 0.341047 
0.248171 0.63951 0.112319 
0.450761 0.258702 0.290537 
0.426651 0.340983 0.232366 
0.358788 0.285627 0.355585 
0.23348 0.658911 0.107609 
0.434996 0.268139 0.296864 
0.426089 0.344564 0.229346 
0.344729 0.284293 0.370978 
0.231761 0.662838 0.105402 
0.427022 0.277644 0.295334 
0.411885 0.358204 0.229911 
0.341371 0.300932 0.357697 
0.221703 0.674319 0.103978 
0.415373 0.285625 0.299002 
0.427265 0.348837 0.223899 
0.343643 0.296278 0.360079 
0.21106 0.687447 0.101493 
0.415418 0.288679 0.295903 
0.43483 0.347212 0.217958 
0.347231 0.285449 0.36732 
0.212079 0.682982 0.104939 
0.402126 0.302716 0.295158 
0.428433 0.356815 0.214751 
0.342469 0.27567 0.381861 
0.217703 0.678107 0.10419 
0.397001 0.303158 0.299842 
0.412192 0.366955 0.220854 
0.343003 0.28038 0.376617 
0.209356 0.692433 0.0982112 
0.398202 0.301049 0.300749 
0.413164 0.361741 0.225095 
0.339123 0.288521 0.372356 
0.209081 0.691521 0.0993985 
0.405163 0.306312 0.288525 
0.396221 0.379921 0.223858 
0.336922 0.286648 0.37643 
0.204976 0.696268 0.0987553 
0.409939 0.305817 0.284244 
0.380617 0.393853 0.22553 
0.334074 0.272507 0.393419 
0.200475 0.69628 0.103245 
0.419507 0.304721 0.275772 
0.378851 0.396665 0.224484 
0.331299 0.273642 0.395059 
0.20663 0.688069 0.105301 
0.409287 0.31254 0.278173 
0.37643 0.402986 0.220585 
0.32495 0.274429 0.400621 
0.214572 0.679665 0.105763 
0.401662 0.318437 0.279901 
0.369752 0.404259 0.225989 
0.314713 0.278591 0.406696 
0.203696 0.692991 0.103313 
0.396995 0.305872 0.297133 
0.356021 0.414623 0.229356 
0.296064 0.28391 0.420025 
0.207437 0.685839 0.106724 
0.382158 0.309537 0.308305 
0.357038 0.415808 0.227154 
0.29905 0.282706 0.418244 
0.212541 0.681422 0.106036 
0.377665 0.308825 0.31351 
0.361962 0.413947 0.224091 
0.293472 0.277433 0.429095 
0.210548 0.682175 0.107277 
0.377616 0.304405 0.31798 
0.356546 0.417461 0.225994 
0.29095 0.283643 0.425407 
0.199309 0.692989 0.107703 
0.376107 0.299643 0.32425 
0.364931 0.412021 0.223048 
0.290894 0.275601 0.433505 
0.197586 0.695642 0.106772 
0.370356 0.306336 0.323308 
0.356665 0.419821 0.223515 
0.277051 0.262485 0.460464 
0.195349 0.696416 0.108235 
0.352685 0.32489 0.322425 
0.358723 0.409449 0.231829 
0.268034 0.263646 0.468319 
0.192791 0.70039 0.106818 
0.358133 0.323683 0.318183 
0.346666 0.420155 0.23318 
0.257102 0.262713 0.480186 
0.197604 0.694464 0.107932 
0.352093 0.328434 0.319473 
0.32281 0.43722 0.23997 
0.237963 0.254206 0.507831 
0.197098 0.692684 0.110218 
0.354335 0.330525 0.31514 
0.324621 0.439674 0.235705 
0.242801 0.245905 0.511294 
0.197098 0.692684 0.110218 
0.362035 0.323926 0.314039 
0.339301 0.42635 0.234348 
0.231855 0.252532 0.515613 
0.194307 0.691465 0.114229 
0.354363 0.317062 0.328575 
0.341892 0.418999 0.239108 
0.232411 0.245269 0.52232 
0.189305 0.699407 0.111288 
0.32828 0.322127 0.349593 
0.325716 0.426693 0.247591 
0.239692 0.249602 0.510706 
0.190866 0.696928 0.112206 
0.318543 0.331902 0.349555 
0.326743 0.420327 0.252929 
0.24955 0.25303 0.49742 
0.185963 0.703419 0.110618 
0.30901 0.32505 0.36594 
0.319851 0.432556 0.247594 
0.245591 0.2559 0.498509 
0.183414 0.705163 0.111423 
0.303493 0.332276 0.364231 
0.3195 0.414266 0.266234 
0.234374 0.251844 0.513782 
0.187135 0.696304 0.116561 
0.288765 0.328232 0.383003 
0.300356 0.427878 0.271766 
0.21836 0.24779 0.53385 
0.185402 0.699116 0.115481 
0.283972 0.332139 0.383889 
0.302519 0.43096 0.266521 
0.217962 0.232934 0.549104 
0.180914 0.702968 0.116118 
0.285105 0.311958 0.402937 
0.300847 0.422499 0.276654 
0.21319 0.225317 0.561493 
0.185881 0.689065 0.125054 
0.282777 0.301268 0.415955 
0.302963 0.418438 0.278599 
0.216316 0.218893 0.564791 
0.179903 0.694124 0.125972 
0.288868 0.295069 0.416063 
0.302963 0.418438 0.278599 
0.217361 0.215118 0.567521 
0.182468 0.683213 0.134319 
0.28985 0.305323 0.404827 
0.306264 0.406412 0.287324 
0.21714 0.222182 0.560678 
0.179504 0.68569 0.134806 
0.296503 0.30462 0.398878 
0.296547 0.412104 0.291349 
0.200911 0.216117 0.582971 
0.180444 0.682748 0.136809 
0.293151 0.294557 0.412292 
0.286398 0.422115 0.291487 
0.207321 0.211675 0.581004 
0.184084 0.678195 0.137721 
