10000
8
3
0.434863 0.266456 0.298681 
0.14489 0.663462 0.191648 
0.25552 0.269244 0.475236 
0.453463 0.143292 0.403245 
0.320617 0.521799 0.157584 
0.347329 0.312077 0.340593 
0.331334 0.12746 0.541205 
0.461454 0.164492 0.374054 
0.437514 0.264894 0.297592 
0.145343 0.662427 0.19223 
0.255102 0.268787 0.47611 
0.452886 0.143306 0.403808 
0.319911 0.522637 0.157452 
0.349785 0.311614 0.338601 
0.331308 0.127756 0.540936 
0.460341 0.164161 0.375497 
0.43774 0.264303 0.297957 
0.146373 0.659827 0.1938 
0.255555 0.269058 0.475388 
0.451281 0.143133 0.405586 
0.321335 0.521034 0.157631 
0.349712 0.312471 0.337818 
0.33207 0.127918 0.540012 
0.457721 0.164502 0.377777 
0.439229 0.263026 0.297745 
0.146615 0.659545 0.193841 
0.254337 0.268399 0.477264 
0.452209 0.143008 0.404783 
0.320872 0.52164 0.157488 
0.351205 0.312438 0.336358 
0.334107 0.128348 0.537545 
0.459388 0.164811 0.3758 
0.43809 0.263533 0.298377 
0.146185 0.660303 0.193513 
0.256278 0.26784 0.475882 
0.453406 0.142911 0.403683 
0.322532 0.519732 0.157736 
0.352031 0.311563 0.336406 
0.333591 0.128301 0.538109 
0.45988 0.164874 0.375246 
0.437111 0.264092 0.298797 
0.146091 0.66054 0.193369 
0.256561 0.269037 0.474402 
0.455322 0.143039 0.401639 
0.325387 0.516445 0.158168 
0.352614 0.310804 0.336583 
0.33435 0.128522 0.537129 
0.459925 0.164397 0.375678 
0.437994 0.263943 0.298063 
0.146373 0.659828 0.193799 
0.256106 0.268769 0.475125 
0.45576 0.142785 0.401456 
0.324441 0.51759 0.157969 
0.354232 0.310545 0.335223 
0.335078 0.129042 0.53588 
0.460837 0.164224 0.37494 
0.438623 0.264151 0.297226 
0.14648 0.659447 0.194073 
0.25607 0.268058 0.475872 
0.455577 0.142616 0.401806 
0.325387 0.516445 0.158168 
0.354005 0.310975 0.33502 
0.334593 0.128694 0.536713 
0.459721 0.163893 0.376386 
0.438327 0.265384 0.29629 
0.146076 0.660685 0.193238 
0.256036 0.268244 0.47572 
0.456831 0.142895 0.400274 
0.326306 0.515158 0.158535 
0.354022 0.311292 0.334686 
0.333585 0.128359 0.538056 
0.458201 0.164179 0.37762 
0.438408 0.266081 0.295511 
0.146007 0.6614 0.192592 
0.256559 0.268141 0.4753 
0.459356 0.14248 0.398164 
0.326044 0.515321 0.158634 
0.353987 0.310658 0.335354 
0.332312 0.12809 0.539598 
0.457157 0.164142 0.378702 
0.438124 0.26621 0.295666 
0.14645 0.660502 0.193048 
0.256838 0.267549 0.475613 
0.459667 0.142437 0.397896 
0.324179 0.517753 0.158067 
0.354855 0.310419 0.334726 
0.333324 0.128365 0.538311 
0.457423 0.164559 0.378017 
0.438253 0.266029 0.295718 
0.146625 0.66017 0.193205 
0.256621 0.265986 0.477393 
0.459797 0.142227 0.397976 
0.325618 0.516143 0.158239 
0.355803 0.309332 0.334865 
0.331276 0.128053 0.540671 
0.457462 0.164084 0.378454 
0.438382 0.265848 0.29577 
0.146761 0.659503 0.193736 
0.256196 0.265535 0.478268 
0.461134 0.142359 0.396507 
0.326813 0.514764 0.158423 
0.356691 0.307309 0.335999 
0.329998 0.127901 0.542102 
0.458013 0.164059 0.377929 
0.43908 0.265409 0.295511 
0.147139 0.658551 0.19431 
0.255855 0.266488 0.477657 
0.464735 0.14204 0.393225 
0.327018 0.514319 0.158663 
0.358062 0.306844 0.335095 
0.327954 0.127703 0.544343 
0.456741 0.164375 0.378885 
0.439338 0.265049 0.295614 
0.146693 0.659456 0.193852 
0.256587 0.266169 0.477244 
0.467003 0.142031 0.390967 
0.326522 0.514786 0.158692 
0.358217 0.307254 0.33453 
0.325947 0.127146 0.546907 
0.454729 0.164593 0.380677 
0.441929 0.26412 0.293952 
0.145778 0.661545 0.192678 
0.256733 0.267208 0.476058 
0.466068 0.142166 0.391766 
0.325532 0.51572 0.158749 
0.359746 0.307191 0.333063 
0.326962 0.127247 0.545791 
0.453135 0.164574 0.382291 
0.441099 0.264738 0.294163 
0.145202 0.663104 0.191694 
0.257084 0.267139 0.475777 
0.465401 0.142326 0.392274 
0.323874 0.517705 0.158421 
0.358481 0.309533 0.331986 
0.329493 0.127674 0.542832 
0.45162 0.164852 0.383528 
0.441902 0.263889 0.294209 
0.145267 0.663153 0.19158 
0.25652 0.266537 0.476943 
0.466331 0.142636 0.391033 
0.323137 0.518402 0.158461 
0.357819 0.309039 0.333142 
0.331535 0.12793 0.540534 
0.453078 0.164664 0.382258 
0.440448 0.264305 0.295247 
0.14603 0.661125 0.192845 
0.257147 0.265882 0.476971 
0.465488 0.142631 0.391881 
0.323641 0.518009 0.15835 
0.357324 0.309269 0.333407 
0.333349 0.12795 0.538701 
0.453214 0.164875 0.381911 
0.441191 0.262999 0.29581 
0.146407 0.660177 0.193416 
0.255762 0.264198 0.480039 
0.46877 0.142789 0.388441 
0.324119 0.517473 0.158408 
0.356388 0.310669 0.332943 
0.332092 0.127504 0.540404 
0.451117 0.165656 0.383227 
0.44065 0.263484 0.295866 
0.146676 0.659608 0.193717 
0.255174 0.264662 0.480165 
0.469577 0.142415 0.388008 
0.325365 0.516381 0.158254 
0.356865 0.310124 0.333011 
0.330798 0.127472 0.54173 
0.449446 0.165328 0.385226 
0.441634 0.262921 0.295445 
0.146999 0.65923 0.193771 
0.255566 0.265296 0.479138 
0.470778 0.1423 0.386922 
0.326849 0.514981 0.15817 
0.356635 0.310554 0.332812 
0.331327 0.127343 0.54133 
0.447578 0.165747 0.386675 
0.441604 0.262692 0.295703 
0.147269 0.658659 0.194072 
0.256031 0.266451 0.477518 
0.471746 0.142535 0.385719 
0.327359 0.514583 0.158057 
0.356273 0.310884 0.332843 
0.331073 0.127289 0.541638 
0.449691 0.16624 0.384069 
0.443562 0.262658 0.29378 
0.14689 0.659612 0.193498 
0.257577 0.267219 0.475204 
0.471387 0.142652 0.385961 
0.330203 0.51107 0.158727 
0.356667 0.311184 0.332149 
0.32928 0.127088 0.543631 
0.449143 0.166262 0.384596 
0.444319 0.262676 0.293005 
0.14612 0.661655 0.192225 
0.257404 0.269038 0.473558 
0.470904 0.142534 0.386561 
0.331614 0.509242 0.159144 
0.356829 0.311914 0.331257 
0.330031 0.127369 0.542601 
0.449309 0.165991 0.3847 
0.442603 0.263452 0.293945 
0.146212 0.662177 0.191612 
0.258105 0.269794 0.472101 
0.472463 0.142301 0.385236 
0.331064 0.509504 0.159431 
0.355609 0.312812 0.331579 
0.329484 0.127733 0.542783 
0.45019 0.165431 0.384379 
0.441121 0.263639 0.29524 
0.14543 0.664344 0.190226 
0.257924 0.270731 0.471345 
0.471668 0.142231 0.386101 
0.332336 0.508398 0.159266 
0.355274 0.31378 0.330947 
0.330492 0.12801 0.541499 
0.449007 0.166045 0.384948 
0.441232 0.264557 0.29421 
0.145214 0.665094 0.189692 
0.258732 0.270924 0.470344 
0.470527 0.141834 0.387639 
0.333214 0.506902 0.159884 
0.354278 0.313927 0.331795 
0.331743 0.12846 0.539797 
0.451862 0.165759 0.38238 
0.440582 0.264125 0.295294 
0.14558 0.663549 0.190871 
0.259291 0.271529 0.46918 
0.471161 0.141301 0.387538 
0.33197 0.508149 0.159881 
0.355777 0.313867 0.330356 
0.33198 0.128694 0.539326 
0.451088 0.166141 0.382771 
0.441252 0.263459 0.295289 
0.145984 0.662326 0.191691 
0.259747 0.271794 0.468459 
0.47397 0.140887 0.385144 
0.332189 0.507775 0.160036 
0.355801 0.314503 0.329696 
0.332511 0.128562 0.538926 
0.452052 0.165882 0.382066 
0.439513 0.263998 0.296488 
0.146252 0.66176 0.191988 
0.259027 0.272851 0.468122 
0.474907 0.140748 0.384346 
0.332709 0.507374 0.159918 
0.355672 0.314402 0.329925 
0.330203 0.128314 0.541483 
0.455381 0.16526 0.379358 
0.439627 0.264921 0.295451 
0.146724 0.660577 0.192699 
0.25822 0.272661 0.46912 
0.474282 0.14084 0.384878 
0.333767 0.506639 0.159594 
0.355566 0.314939 0.329495 
0.329919 0.128618 0.541463 
0.455988 0.165147 0.378866 
0.440014 0.264381 0.295605 
0.14702 0.660484 0.192496 
0.258699 0.273649 0.467652 
0.476143 0.140997 0.38286 
0.332959 0.50714 0.159901 
0.356316 0.314904 0.32878 
0.331442 0.128886 0.539672 
0.457333 0.165129 0.377538 
0.438249 0.264689 0.297062 
0.14687 0.661289 0.191841 
0.25846 0.273154 0.468386 
0.478141 0.140943 0.380916 
0.333798 0.506779 0.159423 
0.357271 0.313478 0.329251 
0.330704 0.128482 0.540814 
0.456841 0.165065 0.378094 
0.438917 0.264023 0.297061 
0.146288 0.662848 0.190864 
0.258019 0.274523 0.467458 
0.477252 0.141016 0.381732 
0.334963 0.505185 0.159852 
0.358897 0.313186 0.327918 
0.332231 0.128748 0.539021 
0.457488 0.164473 0.37804 
0.440811 0.263538 0.295651 
0.146232 0.663412 0.190356 
0.258608 0.274944 0.466448 
0.479324 0.141258 0.379418 
0.334473 0.505727 0.1598 
0.357312 0.314747 0.327941 
0.333513 0.128899 0.537588 
0.457924 0.164625 0.377452 
0.44268 0.262818 0.294502 
0.145438 0.664964 0.189598 
0.258745 0.275097 0.466158 
0.481414 0.141059 0.377527 
0.334811 0.505834 0.159355 
0.358834 0.315303 0.325864 
0.332986 0.128971 0.538043 
0.458628 0.163946 0.377426 
0.442394 0.262947 0.294659 
0.145654 0.664215 0.19013 
0.258723 0.27437 0.466907 
0.4829 0.141321 0.375779 
0.335301 0.505292 0.159407 
0.358729 0.316156 0.325115 
0.331426 0.129007 0.539567 
0.458438 0.163826 0.377735 
0.442051 0.262619 0.29533 
0.144845 0.666648 0.188506 
0.258271 0.274103 0.467626 
0.483574 0.141153 0.375273 
0.333864 0.507055 0.159081 
0.359238 0.31655 0.324212 
0.331685 0.129001 0.539314 
0.461004 0.163577 0.37542 
0.443123 0.26274 0.294136 
0.144629 0.667392 0.187979 
0.258133 0.27395 0.467916 
0.484297 0.140917 0.374787 
0.332967 0.508481 0.158552 
0.357259 0.317838 0.324903 
0.331933 0.129116 0.538951 
0.458742 0.163771 0.377486 
0.443195 0.262107 0.294698 
0.145098 0.666229 0.188673 
0.258623 0.274027 0.46735 
0.485957 0.140533 0.37351 
0.331722 0.509731 0.158547 
0.356265 0.318001 0.325733 
0.331184 0.128831 0.539984 
0.460281 0.163869 0.37585 
0.444024 0.261495 0.294482 
0.145821 0.664641 0.189538 
0.260212 0.273682 0.466105 
0.488786 0.14045 0.370764 
0.331014 0.510646 0.158339 
0.35689 0.318181 0.324928 
0.332705 0.129158 0.538136 
0.462557 0.164056 0.373387 
0.445197 0.261208 0.293595 
0.145633 0.665109 0.189258 
0.261561 0.275387 0.463052 
0.487074 0.140906 0.37202 
0.332759 0.508926 0.158315 
0.357893 0.318658 0.32345 
0.331194 0.128711 0.540094 
0.464688 0.163646 0.371666 
0.445699 0.261578 0.292722 
0.145501 0.665019 0.189481 
0.26106 0.276962 0.461978 
0.488948 0.140606 0.370446 
0.332948 0.508415 0.158637 
0.35962 0.317164 0.323216 
0.333778 0.128773 0.537449 
0.464207 0.163969 0.371824 
0.445912 0.262078 0.29201 
0.146118 0.663799 0.190083 
0.260733 0.274471 0.464795 
0.491196 0.140547 0.368256 
0.33399 0.507606 0.158403 
0.361856 0.315747 0.322397 
0.331996 0.128395 0.539609 
0.464089 0.164146 0.371765 
0.444896 0.262419 0.292685 
0.146591 0.662624 0.190785 
0.261029 0.27386 0.465111 
0.49339 0.140553 0.366057 
0.332332 0.509743 0.157925 
0.361497 0.317037 0.321466 
0.331731 0.12846 0.539809 
0.466467 0.163762 0.369772 
0.44508 0.262694 0.292226 
0.146563 0.662906 0.190531 
0.262082 0.274536 0.463382 
0.493805 0.140364 0.365831 
0.333753 0.507912 0.158335 
0.363494 0.315734 0.320772 
0.331207 0.128532 0.540262 
0.46811 0.163287 0.368603 
0.446148 0.262806 0.291046 
0.146847 0.662199 0.190953 
0.261783 0.275148 0.463069 
0.494587 0.140416 0.364996 
0.334323 0.507711 0.157966 
0.364358 0.314203 0.321439 
0.331477 0.128406 0.540117 
0.467745 0.163435 0.36882 
0.444194 0.264174 0.291632 
0.146454 0.663283 0.190263 
0.264173 0.275156 0.460672 
0.493699 0.140141 0.366161 
0.336338 0.505743 0.157919 
0.364609 0.31408 0.321311 
0.329411 0.128389 0.542199 
0.469946 0.163308 0.366746 
0.443312 0.264337 0.292352 
0.146103 0.663942 0.189955 
0.26642 0.275911 0.457669 
0.493278 0.139969 0.366753 
0.336288 0.505541 0.158171 
0.366232 0.3125 0.321268 
0.329916 0.128499 0.541585 
0.470312 0.16316 0.366528 
0.443026 0.264467 0.292507 
0.145749 0.665345 0.188906 
0.266043 0.275273 0.458684 
0.494738 0.13985 0.365411 
0.335048 0.506866 0.158086 
0.367878 0.311855 0.320267 
0.330417 0.128668 0.540915 
0.467565 0.163701 0.368734 
0.444766 0.263914 0.291321 
0.146112 0.66455 0.189338 
0.2669 0.274532 0.458569 
0.495885 0.139782 0.364333 
0.334417 0.508121 0.157462 
0.366371 0.313215 0.320414 
0.332708 0.129038 0.538254 
0.467261 0.163761 0.368979 
0.444846 0.263278 0.291875 
0.146681 0.663143 0.190177 
0.267548 0.274743 0.457709 
0.495158 0.140022 0.364821 
0.33239 0.510021 0.157589 
0.366901 0.314522 0.318577 
0.334779 0.12911 0.536111 
0.467625 0.163613 0.368762 
0.444925 0.262645 0.292431 
0.146868 0.663418 0.189714 
0.266377 0.273751 0.459872 
0.495525 0.140261 0.364214 
0.332926 0.509684 0.15739 
0.368679 0.314269 0.317052 
0.33527 0.129399 0.535332 
0.4686 0.163345 0.368055 
0.443597 0.262887 0.293516 
0.146719 0.663469 0.189812 
0.265795 0.272443 0.461763 
0.494898 0.140004 0.365098 
0.335457 0.507311 0.157232 
0.36842 0.313774 0.317806 
0.336539 0.129728 0.533732 
0.470065 0.163133 0.366802 
0.442555 0.262997 0.294448 
0.145784 0.665675 0.188541 
0.266338 0.273938 0.459724 
0.49693 0.139849 0.363221 
0.336188 0.506461 0.157351 
0.368163 0.313589 0.318247 
0.337846 0.129754 0.5324 
0.468654 0.162879 0.368467 
0.4404 0.263847 0.295753 
0.145775 0.665074 0.189151 
0.267043 0.274679 0.458278 
0.494746 0.14057 0.364684 
0.334742 0.508228 0.157031 
0.368413 0.313154 0.318432 
0.341205 0.130263 0.528532 
0.467739 0.163057 0.369204 
0.44171 0.262288 0.296002 
0.145426 0.66573 0.188844 
0.267509 0.274932 0.457559 
0.493239 0.141122 0.365639 
0.332728 0.510199 0.157073 
0.368417 0.313464 0.318119 
0.339877 0.130304 0.529819 
0.469577 0.163079 0.367344 
0.441619 0.261605 0.296776 
0.14497 0.666757 0.188273 
0.267833 0.275037 0.45713 
0.492927 0.141174 0.365899 
0.33423 0.508707 0.157063 
0.367395 0.313344 0.319261 
0.341258 0.129836 0.528906 
0.469762 0.163194 0.367043 
0.440921 0.262036 0.297043 
0.144984 0.666619 0.188397 
0.269005 0.276027 0.454969 
0.494487 0.140915 0.364597 
0.335436 0.507247 0.157317 
0.366368 0.312909 0.320723 
0.340461 0.12986 0.529679 
0.469277 0.163518 0.367205 
0.440921 0.260948 0.298131 
0.145684 0.664569 0.189747 
0.269049 0.275835 0.455116 
0.492926 0.14081 0.366264 
0.333181 0.509525 0.157294 
0.365475 0.312874 0.321651 
0.341265 0.129776 0.528959 
0.470798 0.162837 0.366364 
0.441239 0.261049 0.297712 
0.145402 0.665271 0.189327 
0.26843 0.274717 0.456852 
0.494384 0.140691 0.364925 
0.333719 0.509186 0.157096 
0.368765 0.311585 0.31965 
0.340991 0.129845 0.529164 
0.468231 0.163114 0.368655 
0.440925 0.262033 0.297041 
0.145185 0.666017 0.188797 
0.267736 0.274699 0.457565 
0.493032 0.141036 0.365932 
0.336765 0.50633 0.156905 
0.368635 0.311493 0.319872 
0.341764 0.130003 0.528233 
0.471714 0.162659 0.365627 
0.439151 0.262337 0.298511 
0.144969 0.666762 0.188269 
0.267693 0.274889 0.457417 
0.493656 0.140933 0.365411 
0.336781 0.506397 0.156821 
0.36967 0.311921 0.318409 
0.340201 0.129808 0.529991 
0.473486 0.162384 0.36413 
0.438045 0.263072 0.298883 
0.146309 0.66396 0.189731 
0.266988 0.274151 0.458862 
0.49402 0.140812 0.365169 
0.338011 0.505001 0.156988 
0.368412 0.31347 0.318118 
0.339913 0.129998 0.530089 
0.47795 0.161642 0.360408 
0.43716 0.264322 0.298518 
0.145986 0.664339 0.189675 
0.26751 0.274932 0.457558 
0.494799 0.140501 0.3647 
0.33767 0.504908 0.157421 
0.368405 0.312851 0.318745 
0.340435 0.130043 0.529522 
0.477948 0.162014 0.360038 
0.437287 0.264142 0.298571 
0.145916 0.665038 0.189047 
0.268074 0.275523 0.456403 
0.493808 0.140363 0.365829 
0.338216 0.504563 0.157221 
0.367648 0.313534 0.318818 
0.340708 0.129974 0.529318 
0.477886 0.162101 0.360013 
0.437571 0.264015 0.298413 
0.145845 0.665734 0.188421 
0.268886 0.274249 0.456865 
0.492662 0.14043 0.366908 
0.338695 0.503951 0.157353 
0.367277 0.314498 0.318225 
0.341771 0.129942 0.528287 
0.479047 0.16194 0.359013 
0.43754 0.263784 0.298675 
0.145764 0.665829 0.188407 
0.269126 0.274733 0.456141 
0.490737 0.140805 0.368458 
0.33772 0.505109 0.157171 
0.370451 0.313395 0.316153 
0.342778 0.130335 0.526886 
0.480452 0.161803 0.357745 
0.435425 0.264849 0.299726 
0.146086 0.66545 0.188464 
0.270009 0.274705 0.455285 
0.494745 0.14021 0.365044 
0.338182 0.50443 0.157388 
0.369943 0.313957 0.316099 
0.341953 0.130544 0.527503 
0.483198 0.161609 0.355193 
0.43574 0.264956 0.299305 
0.146218 0.665538 0.188243 
0.270107 0.275042 0.454851 
0.49688 0.139918 0.363203 
0.339636 0.502661 0.157703 
0.37084 0.314905 0.314254 
0.340923 0.130332 0.528745 
0.484232 0.161616 0.354152 
0.435263 0.265909 0.298828 
0.145205 0.667826 0.186969 
0.270053 0.274515 0.455432 
0.499065 0.139912 0.361022 
0.341227 0.500188 0.158586 
0.371479 0.313504 0.315017 
0.341147 0.13063 0.528223 
0.484157 0.162073 0.35377 
0.436044 0.266176 0.29778 
0.145582 0.666897 0.18752 
0.270666 0.27491 0.454425 
0.50203 0.139235 0.358735 
0.340783 0.500932 0.158285 
0.372246 0.313122 0.314632 
0.341604 0.131167 0.527229 
0.487635 0.161565 0.3508 
0.436228 0.266463 0.297309 
0.14519 0.667965 0.186845 
0.271892 0.275696 0.452412 
0.50203 0.139235 0.358735 
0.340819 0.501064 0.158116 
0.37148 0.31412 0.3144 
0.343715 0.131221 0.525064 
0.4891 0.161329 0.349571 
0.437085 0.26743 0.295485 
0.14464 0.669217 0.186144 
0.271233 0.275495 0.453272 
0.500369 0.139278 0.360353 
0.341725 0.499642 0.158633 
0.369056 0.315486 0.315458 
0.344277 0.131018 0.524706 
0.489276 0.161437 0.349287 
0.435511 0.268025 0.296464 
0.145377 0.667504 0.187119 
0.27124 0.276213 0.452546 
0.499745 0.139383 0.360872 
0.342723 0.49855 0.158728 
0.369055 0.314864 0.31608 
0.344803 0.131061 0.524136 
0.49214 0.161045 0.346815 
0.436465 0.267219 0.296315 
0.145471 0.667272 0.187256 
0.272509 0.276807 0.450684 
0.500057 0.139331 0.360612 
0.342279 0.499293 0.158427 
0.369944 0.313956 0.316101 
0.345607 0.131033 0.52336 
0.493887 0.161103 0.34501 
0.439382 0.266629 0.293989 
0.144934 0.668389 0.186677 
0.272466 0.27772 0.449814 
0.500993 0.139174 0.359833 
0.343425 0.497565 0.159009 
0.369186 0.315885 0.31493 
0.345682 0.130541 0.523777 
0.494341 0.161511 0.344149 
0.438838 0.267123 0.29404 
0.145202 0.667832 0.186966 
0.273166 0.276283 0.450551 
0.502865 0.138859 0.358276 
0.343761 0.497588 0.158651 
0.368551 0.315736 0.315713 
0.345431 0.130428 0.524141 
0.495402 0.161785 0.342813 
0.43847 0.267903 0.293627 
0.145427 0.667687 0.186886 
0.273735 0.276863 0.449402 
0.505092 0.139128 0.35578 
0.342077 0.499731 0.158192 
0.36855 0.314802 0.316648 
0.344153 0.130045 0.525802 
0.495126 0.161484 0.34339 
0.438732 0.267538 0.293731 
0.145507 0.667592 0.1869 
0.273925 0.277536 0.448538 
0.504727 0.139249 0.356024 
0.342113 0.499862 0.158024 
0.369824 0.315102 0.315075 
0.34385 0.130298 0.525852 
0.498525 0.161026 0.340449 
0.438554 0.267252 0.294194 
0.145224 0.668288 0.186488 
0.274398 0.277779 0.447823 
0.50648 0.139418 0.354101 
0.342539 0.499053 0.158408 
0.369185 0.316818 0.313997 
0.345663 0.130663 0.523674 
0.499001 0.161064 0.339935 
0.437879 0.267929 0.294192 
0.144079 0.671197 0.184724 
0.27506 0.277973 0.446966 
0.504869 0.139756 0.355375 
0.341024 0.500627 0.15835 
0.368928 0.317259 0.313813 
0.348278 0.131059 0.520662 
0.498085 0.161267 0.340648 
0.438102 0.268686 0.293212 
0.144574 0.671084 0.184342 
0.276388 0.278358 0.445253 
0.507917 0.139641 0.352442 
0.339549 0.50233 0.158121 
0.368297 0.317111 0.314592 
0.347738 0.131079 0.521183 
0.497609 0.161229 0.341163 
0.439239 0.268161 0.2926 
0.144242 0.671596 0.184163 
0.276634 0.276677 0.446689 
0.509749 0.140024 0.350226 
0.339204 0.502237 0.158559 
0.367023 0.31869 0.314288 
0.350432 0.13104 0.518528 
0.498017 0.161354 0.340629 
0.440552 0.26792 0.291527 
0.143689 0.672252 0.184059 
0.277639 0.276245 0.446116 
0.508873 0.140121 0.351006 
0.340435 0.500841 0.158724 
0.367012 0.319634 0.313354 
0.35016 0.131051 0.518789 
0.498593 0.160939 0.340467 
0.437641 0.268534 0.293825 
0.143703 0.672117 0.18418 
0.278023 0.276149 0.445829 
0.507739 0.140203 0.352057 
0.339328 0.502703 0.157969 
0.367021 0.319004 0.313976 
0.350975 0.131019 0.518006 
0.501072 0.160676 0.338252 
0.433599 0.269651 0.296749 
0.143984 0.67143 0.184586 
0.277687 0.275341 0.446972 
0.505672 0.140449 0.353879 
0.339877 0.502357 0.157766 
0.367394 0.319283 0.313322 
0.349929 0.130815 0.519255 
0.501241 0.160781 0.337978 
0.433139 0.269488 0.297373 
0.143954 0.671701 0.184344 
0.277397 0.274345 0.448257 
0.502887 0.140577 0.356536 
0.340597 0.501439 0.157964 
0.366749 0.320394 0.312857 
0.351801 0.130927 0.517273 
0.500325 0.160985 0.33869 
0.431651 0.269417 0.298933 
0.144566 0.670503 0.184931 
0.276528 0.273493 0.449978 
0.502875 0.140938 0.356187 
0.338883 0.503449 0.157669 
0.366384 0.319797 0.313819 
0.351549 0.130814 0.517636 
0.503479 0.160494 0.336028 
0.43142 0.270023 0.298557 
0.144091 0.671067 0.184843 
0.276192 0.273397 0.450411 
0.50454 0.140528 0.354932 
0.337378 0.505018 0.157604 
0.365853 0.321637 0.31251 
0.352629 0.130833 0.516538 
0.503479 0.160494 0.336028 
0.431034 0.270576 0.29839 
0.144076 0.671202 0.184722 
0.276394 0.274769 0.448837 
0.506041 0.140326 0.353633 
0.3376 0.504646 0.157754 
0.365212 0.322438 0.312351 
0.353909 0.131269 0.514822 
0.503342 0.160666 0.335992 
0.428979 0.272145 0.298875 
0.144026 0.671024 0.184949 
0.275299 0.275572 0.449128 
0.505691 0.14009 0.354219 
0.337361 0.504951 0.157687 
0.364586 0.322602 0.312811 
0.356023 0.13161 0.512368 
0.503037 0.160735 0.336229 
0.429566 0.27213 0.298305 
0.143967 0.671568 0.184464 
0.274875 0.276572 0.448553 
0.503201 0.140523 0.356276 
0.339649 0.502733 0.157618 
0.364334 0.322732 0.312934 
0.356609 0.1314 0.511991 
0.503509 0.16077 0.335721 
0.428956 0.271903 0.299141 
0.143997 0.671297 0.184706 
0.275677 0.274761 0.449563 
0.506626 0.139928 0.353446 
0.338023 0.505074 0.156903 
0.363329 0.323249 0.313421 
0.357412 0.131488 0.5111 
0.504759 0.160771 0.33447 
0.429308 0.272502 0.29819 
0.143308 0.672588 0.184104 
0.27644 0.274574 0.448987 
0.506991 0.139805 0.353204 
0.336619 0.507043 0.156338 
0.3632 0.323474 0.313326 
0.355793 0.131374 0.512832 
0.502498 0.160787 0.336715 
0.430648 0.271127 0.298224 
0.143416 0.672223 0.184361 
0.277685 0.274623 0.447691 
0.509021 0.139273 0.351706 
0.335694 0.508399 0.155907 
0.362699 0.323733 0.313569 
0.355782 0.131436 0.512782 
0.504291 0.160738 0.334972 
0.432164 0.270056 0.297779 
0.143077 0.673451 0.183472 
0.277206 0.275097 0.447696 
0.511547 0.139121 0.349332 
0.33547 0.508772 0.155758 
0.363807 0.323953 0.31224 
0.356835 0.131636 0.511529 
0.506149 0.160599 0.333252 
0.430672 0.271366 0.297962 
0.142226 0.675633 0.182141 
0.278023 0.275429 0.446548 
0.511857 0.139066 0.349077 
0.336141 0.507654 0.156205 
0.363277 0.325176 0.311547 
0.357602 0.131909 0.510489 
0.508587 0.160042 0.331371 
0.431236 0.271107 0.297657 
0.141687 0.676855 0.181458 
0.277734 0.275857 0.446408 
0.512424 0.139024 0.348553 
0.336827 0.506603 0.15657 
0.36414 0.325201 0.31066 
0.358191 0.131698 0.510111 
0.508117 0.160009 0.331874 
0.430565 0.271793 0.297642 
0.141762 0.676188 0.182049 
0.278022 0.276142 0.445836 
0.509116 0.139493 0.351391 
0.337915 0.505912 0.156173 
0.364249 0.325617 0.310134 
0.359223 0.13202 0.508757 
0.50877 0.159511 0.331719 
0.432059 0.270477 0.297464 
0.141655 0.676548 0.181797 
0.27778 0.277096 0.445124 
0.510507 0.139424 0.35007 
0.338685 0.505191 0.156124 
0.366106 0.325431 0.308463 
0.358732 0.131735 0.509533 
0.509588 0.159116 0.331297 
0.430518 0.271308 0.298173 
0.142146 0.675151 0.182703 
0.27778 0.277096 0.445124 
0.511549 0.139122 0.349329 
0.337914 0.505912 0.156173 
0.366132 0.324791 0.309078 
0.358405 0.131996 0.509599 
0.510004 0.158605 0.331391 
0.42898 0.272139 0.298881 
0.142071 0.675822 0.182107 
0.277828 0.276905 0.445267 
0.515511 0.138823 0.345666 
0.337947 0.506044 0.156008 
0.367539 0.323584 0.308876 
0.35784 0.132083 0.510077 
0.511999 0.15829 0.329711 
0.428159 0.27277 0.299071 
0.141519 0.677752 0.180729 
0.278447 0.278 0.443552 
0.512942 0.139052 0.348006 
0.336731 0.507509 0.15576 
0.36678 0.323981 0.309239 
0.359197 0.132144 0.508659 
0.51247 0.15832 0.329211 
0.428615 0.272941 0.298444 
0.141411 0.678109 0.180479 
0.278931 0.277517 0.443551 
0.512287 0.138878 0.348835 
0.334782 0.509824 0.155394 
0.368188 0.322777 0.309034 
0.359158 0.132331 0.508511 
0.511556 0.158528 0.329916 
0.429504 0.273039 0.297457 
0.14112 0.678914 0.179965 
0.279842 0.278178 0.441981 
0.512232 0.138946 0.348822 
0.334528 0.510063 0.155409 
0.368421 0.323279 0.3083 
0.358843 0.132531 0.508626 
0.511085 0.158498 0.330417 
0.429676 0.273339 0.296985 
0.140814 0.679849 0.179337 
0.280507 0.279079 0.440414 
0.510658 0.139575 0.349767 
0.334528 0.510063 0.155409 
0.367825 0.3225 0.309675 
0.358065 0.13232 0.509616 
0.513384 0.158111 0.328505 
0.429113 0.2736 0.297287 
0.140356 0.680964 0.17868 
0.282481 0.279812 0.437707 
0.512922 0.139406 0.347672 
0.331528 0.51313 0.155342 
0.366781 0.323979 0.30924 
0.357274 0.13217 0.510556 
0.512636 0.158419 0.328945 
0.428097 0.27369 0.298214 
0.140144 0.681107 0.17875 
0.282233 0.280058 0.437709 
0.51476 0.139425 0.345815 
0.329793 0.514929 0.155278 
0.367903 0.323862 0.308235 
0.357826 0.132145 0.510029 
0.512521 0.158858 0.328621 
0.426951 0.273964 0.299085 
0.140036 0.682023 0.177942 
0.283159 0.279988 0.436853 
0.513348 0.139214 0.347438 
0.331524 0.513132 0.155343 
0.368929 0.323013 0.308057 
0.359433 0.132319 0.508248 
0.512427 0.158673 0.3289 
0.428096 0.273691 0.298213 
0.13958 0.683129 0.177291 
0.282337 0.279672 0.437991 
0.514987 0.139152 0.345861 
0.334051 0.510752 0.155197 
0.367974 0.325224 0.306802 
0.360503 0.132454 0.507043 
0.512896 0.158703 0.328401 
0.428399 0.273805 0.297796 
0.139247 0.683752 0.177 
0.282976 0.279322 0.437702 
0.515383 0.139313 0.345304 
0.335022 0.509596 0.155382 
0.367213 0.325625 0.307161 
0.360252 0.132342 0.507406 
0.514746 0.158551 0.326704 
0.428982 0.273789 0.297228 
0.138916 0.684374 0.17671 
0.283369 0.279216 0.437415 
0.518004 0.13901 0.342986 
0.336297 0.508399 0.155304 
0.367319 0.326038 0.306643 
0.358917 0.132157 0.508925 
0.512801 0.159413 0.327785 
0.427341 0.273405 0.299254 
0.13896 0.684542 0.176498 
0.28439 0.279478 0.436132 
0.518706 0.139112 0.342182 
0.337769 0.506695 0.155537 
0.367362 0.325079 0.307559 
0.358603 0.132357 0.50904 
0.515094 0.159018 0.325888 
0.427105 0.274024 0.298871 
0.138869 0.684761 0.176369 
0.283867 0.278727 0.437406 
0.520872 0.138713 0.340415 
0.336055 0.508706 0.155239 
0.369497 0.324422 0.306081 
0.358879 0.132344 0.508776 
0.515469 0.158862 0.32567 
0.427688 0.27401 0.298302 
0.139247 0.683754 0.177 
0.283382 0.2785 0.438118 
0.522051 0.138552 0.339396 
0.335336 0.509624 0.15504 
0.369765 0.32397 0.306264 
0.359671 0.132493 0.507836 
0.515417 0.159217 0.325366 
0.427494 0.273463 0.299044 
0.138978 0.683857 0.177165 
0.283354 0.277261 0.439385 
0.524853 0.138316 0.336831 
0.335157 0.510195 0.154648 
0.368091 0.325318 0.306591 
0.36078 0.132441 0.506779 
0.515489 0.159131 0.32538 
0.428337 0.273074 0.298589 
0.138286 0.685357 0.176357 
0.283499 0.2774 0.439101 
0.526472 0.138238 0.33529 
0.332941 0.512683 0.154376 
0.370031 0.323518 0.306451 
0.362144 0.132499 0.505357 
0.515327 0.159032 0.325641 
0.429158 0.272442 0.298399 
0.137895 0.68649 0.175614 
0.283996 0.276914 0.43909 
0.526797 0.13846 0.334743 
0.333223 0.512577 0.154199 
0.369668 0.323244 0.307088 
0.361587 0.132526 0.505887 
0.51479 0.159089 0.326121 
0.427752 0.273089 0.299159 
0.13834 0.685951 0.175709 
0.284131 0.277765 0.438104 
0.525007 0.138742 0.336251 
0.332224 0.5136 0.154176 
0.37046 0.325149 0.30439 
0.361892 0.132388 0.505721 
0.512966 0.159514 0.32752 
0.426711 0.27293 0.30036 
0.13771 0.687479 0.174811 
0.283238 0.278358 0.438404 
0.524198 0.138781 0.337021 
0.333011 0.513017 0.153971 
0.370955 0.325195 0.30385 
0.360011 0.132169 0.50782 
0.511487 0.160413 0.3281 
0.426629 0.273606 0.299765 
0.137204 0.688527 0.174268 
0.284444 0.279284 0.436272 
0.526683 0.138597 0.334721 
0.330607 0.516007 0.153386 
0.37138 0.326509 0.302111 
0.361321 0.132477 0.506202 
0.509804 0.160665 0.329531 
0.427472 0.273219 0.29931 
0.13679 0.689355 0.173855 
0.28493 0.279509 0.435561 
0.528207 0.138023 0.33377 
0.330872 0.515836 0.153292 
0.371636 0.326372 0.301992 
0.362299 0.133049 0.504652 
0.508608 0.161224 0.330168 
0.428186 0.273018 0.298797 
0.136574 0.690585 0.172841 
0.285038 0.281087 0.433875 
0.530185 0.137815 0.332 
0.330913 0.516036 0.153052 
0.370438 0.327785 0.301777 
0.363916 0.133217 0.502867 
0.508537 0.161311 0.330152 
0.426173 0.273433 0.300394 
0.137312 0.689152 0.173536 
0.286722 0.282232 0.431046 
0.530054 0.137672 0.332274 
0.330727 0.516608 0.152665 
0.369595 0.327467 0.302938 
0.366851 0.133688 0.499461 
0.50945 0.161098 0.329452 
0.426196 0.273678 0.300125 
0.136954 0.690016 0.17303 
0.286783 0.283291 0.429926 
0.528502 0.137687 0.333811 
0.329918 0.517058 0.153024 
0.367697 0.328331 0.303972 
0.365005 0.133286 0.501708 
0.509592 0.160925 0.329484 
0.424572 0.273526 0.301902 
0.136686 0.690662 0.172652 
0.285959 0.282986 0.431056 
0.530906 0.137287 0.331807 
0.329203 0.517974 0.152823 
0.368185 0.32838 0.303434 
0.365787 0.133495 0.500718 
0.511955 0.160444 0.327602 
0.424237 0.274579 0.301184 
0.13761 0.688256 0.174134 
0.28743 0.281673 0.430897 
0.53373 0.136691 0.329579 
0.325671 0.522752 0.151577 
0.366682 0.330901 0.302417 
0.365817 0.133369 0.500814 
0.510576 0.160626 0.328798 
0.42538 0.274312 0.300308 
0.138032 0.686878 0.17509 
0.287286 0.281535 0.431179 
0.53452 0.136374 0.329106 
0.326621 0.521533 0.151846 
0.367282 0.331043 0.301675 
0.364179 0.133267 0.502554 
0.509735 0.160752 0.329513 
0.424713 0.275004 0.300283 
0.13872 0.68539 0.17589 
0.286855 0.281119 0.432025 
0.533221 0.136403 0.330376 
0.326371 0.521771 0.151858 
0.366823 0.332382 0.300795 
0.363814 0.13366 0.502526 
0.508326 0.161572 0.330102 
0.423571 0.275272 0.301156 
0.13821 0.686445 0.175345 
0.286347 0.281618 0.432035 
0.532358 0.136512 0.33113 
0.324733 0.524039 0.151228 
0.366292 0.332984 0.300723 
0.364021 0.133963 0.502016 
0.509989 0.161043 0.328968 
0.42398 0.274956 0.301065 
0.138359 0.686265 0.175376 
0.286832 0.281841 0.431327 
0.533105 0.136536 0.33036 
0.325693 0.522888 0.151419 
0.367457 0.33359 0.298952 
0.364344 0.133758 0.501899 
0.510669 0.160814 0.328518 
0.423957 0.274708 0.301335 
0.137443 0.688572 0.173985 
0.286601 0.281369 0.43203 
0.531188 0.136679 0.332132 
0.325716 0.523022 0.151262 
0.366749 0.33336 0.299891 
0.365905 0.134178 0.499917 
0.508073 0.161278 0.330649 
0.423141 0.275341 0.301518 
0.137338 0.688915 0.173747 
0.287253 0.281008 0.431739 
0.529783 0.137112 0.333105 
0.324529 0.524546 0.150925 
0.367584 0.331967 0.300448 
0.366936 0.1345 0.498564 
0.50723 0.161403 0.331367 
0.422839 0.275221 0.301941 
0.13698 0.68978 0.17324 
0.285859 0.281396 0.432745 
0.528261 0.137679 0.33406 
0.323763 0.525122 0.151115 
0.369123 0.332519 0.298357 
0.365875 0.134305 0.49982 
0.504841 0.1616 0.333559 
0.423095 0.274844 0.302061 
0.137117 0.689184 0.173699 
0.285012 0.28181 0.433178 
0.527953 0.137737 0.33431 
0.323988 0.52475 0.151262 
0.36808 0.333404 0.298516 
0.366034 0.134802 0.499165 
0.507398 0.161509 0.331094 
0.424901 0.273888 0.301211 
0.136833 0.689959 0.173208 
0.286358 0.28413 0.429513 
0.533274 0.137228 0.329498 
0.32329 0.525731 0.15098 
0.369289 0.331963 0.298748 
0.367405 0.134853 0.497742 
0.508381 0.16121 0.330409 
0.428055 0.273211 0.298733 
0.137636 0.688016 0.174347 
0.289568 0.285007 0.425426 
0.532719 0.13728 0.330001 
0.324753 0.524175 0.151071 
0.369518 0.332146 0.298336 
0.369311 0.134999 0.49569 
0.507093 0.161579 0.331328 
0.428424 0.274059 0.297517 
0.137626 0.687596 0.174778 
0.290834 0.284455 0.424711 
0.529636 0.137592 0.332772 
0.322824 0.526409 0.150767 
0.370984 0.330569 0.298447 
0.368779 0.134903 0.496318 
0.504635 0.161863 0.333502 
0.432145 0.273091 0.294764 
0.138105 0.686253 0.175642 
0.290869 0.283729 0.425402 
0.529636 0.137592 0.332772 
0.321921 0.527896 0.150183 
0.370053 0.331541 0.298406 
0.371971 0.135479 0.49255 
0.504845 0.161601 0.333554 
0.431691 0.274811 0.293498 
0.137863 0.687202 0.174935 
0.29017 0.284828 0.425003 
0.528098 0.137884 0.334018 
0.321182 0.528605 0.150213 
0.370803 0.329744 0.299454 
0.373587 0.1357 0.490714 
0.503017 0.16202 0.334963 
0.430429 0.275531 0.29404 
0.136672 0.689732 0.173596 
0.291344 0.2852 0.423456 
0.527408 0.13779 0.334803 
0.321222 0.528876 0.149902 
0.369388 0.33067 0.299942 
0.374457 0.135582 0.489961 
0.502712 0.16209 0.335199 
0.429733 0.275986 0.294281 
0.136447 0.690543 0.173011 
0.290802 0.286976 0.422221 
0.527716 0.137732 0.334553 
0.321202 0.528741 0.150057 
0.367953 0.331918 0.300129 
0.375097 0.135288 0.489615 
0.501493 0.162368 0.336139 
0.429467 0.276364 0.294168 
0.136076 0.691528 0.172396 
0.290722 0.28664 0.422638 
0.526559 0.138175 0.335266 
0.320966 0.529045 0.149989 
0.366389 0.331686 0.301925 
0.376488 0.135328 0.488184 
0.503818 0.162268 0.333914 
0.430476 0.276268 0.293256 
0.136253 0.691099 0.172648 
0.291044 0.287985 0.420971 
0.526059 0.138157 0.335785 
0.318374 0.532385 0.149241 
0.364644 0.332325 0.303032 
0.376828 0.135116 0.488055 
0.503724 0.162074 0.334202 
0.429097 0.277428 0.293475 
0.135415 0.692865 0.17172 
0.289797 0.287279 0.422925 
0.524843 0.138669 0.336488 
0.317191 0.533832 0.148977 
0.364324 0.33344 0.302236 
0.377956 0.135108 0.486936 
0.503934 0.161812 0.334255 
0.42954 0.277599 0.292862 
0.135063 0.693717 0.171219 
0.28899 0.285714 0.425296 
0.524843 0.138669 0.336488 
0.318121 0.532552 0.149328 
0.363411 0.332682 0.303907 
0.379965 0.134979 0.485057 
0.50187 0.162212 0.335918 
0.428869 0.278553 0.292578 
0.135031 0.693967 0.171002 
0.288717 0.287238 0.424045 
0.524803 0.139019 0.336179 
0.320028 0.530331 0.149641 
0.362934 0.334359 0.302706 
0.381098 0.134967 0.483935 
0.503394 0.161864 0.334742 
0.428013 0.278708 0.293279 
0.134362 0.695415 0.170223 
0.288977 0.286979 0.424044 
0.523819 0.139262 0.336918 
0.317628 0.533025 0.149347 
0.363639 0.334603 0.301758 
0.380733 0.135243 0.484024 
0.501913 0.161844 0.336243 
0.427904 0.279398 0.292698 
0.134203 0.695714 0.170083 
0.288917 0.287178 0.423905 
0.523878 0.139194 0.336929 
0.31696 0.534208 0.148833 
0.363712 0.33362 0.302668 
0.381002 0.135289 0.483709 
0.503466 0.161778 0.334757 
0.427746 0.279091 0.293164 
0.1344 0.695576 0.170024 
0.289299 0.288331 0.42237 
0.522009 0.139259 0.338732 
0.317228 0.534178 0.148594 
0.363414 0.334412 0.302174 
0.38358 0.135179 0.481241 
0.504545 0.161673 0.333781 
0.428625 0.279436 0.29194 
0.134035 0.696543 0.169422 
0.28928 0.287793 0.422927 
0.521894 0.139396 0.338711 
0.320102 0.530949 0.148949 
0.361997 0.335662 0.30234 
0.384719 0.135164 0.480117 
0.503142 0.162495 0.334363 
0.430876 0.278354 0.29077 
0.134067 0.696296 0.169636 
0.28956 0.288071 0.422369 
0.522298 0.139839 0.337864 
0.318197 0.533242 0.148561 
0.362184 0.33477 0.303046 
0.383789 0.135417 0.480794 
0.503939 0.162743 0.333318 
0.431147 0.277971 0.290882 
0.134591 0.695032 0.170378 
0.289159 0.288192 0.422649 
0.522548 0.139849 0.337603 
0.317013 0.53469 0.148298 
0.362392 0.33355 0.304058 
0.384869 0.135595 0.479536 
0.504782 0.162619 0.332599 
0.43127 0.277533 0.291197 
0.134432 0.695331 0.170238 
0.288999 0.287515 0.423486 
0.525647 0.139548 0.334805 
0.317239 0.534319 0.148442 
0.363258 0.333237 0.303506 
0.38259 0.135626 0.481784 
0.506141 0.16216 0.331699 
0.432202 0.275954 0.291845 
0.134772 0.695017 0.170211 
0.28928 0.287793 0.422927 
0.526132 0.139283 0.334585 
0.315321 0.536401 0.148279 
0.362915 0.33295 0.304135 
0.383188 0.135522 0.48129 
0.507337 0.161598 0.331065 
0.432293 0.275031 0.292677 
0.134708 0.695512 0.16978 
0.290504 0.287967 0.421529 
0.526322 0.139361 0.334317 
0.315836 0.536206 0.147957 
0.362184 0.333031 0.304784 
0.382012 0.135665 0.482323 
0.506962 0.161756 0.331282 
0.433109 0.274143 0.292748 
0.134532 0.695934 0.169533 
0.288796 0.287578 0.423625 
0.527009 0.139458 0.333533 
0.316798 0.5352 0.148001 
0.361961 0.334576 0.303463 
0.381127 0.135788 0.483085 
0.507571 0.161614 0.330815 
0.432459 0.275327 0.292214 
0.134461 0.696022 0.169517 
0.287976 0.28728 0.424744 
0.525849 0.139911 0.33424 
0.317301 0.534866 0.147833 
0.360841 0.336772 0.302386 
0.381146 0.135724 0.48313 
0.507266 0.161685 0.331049 
0.431165 0.275562 0.293272 
0.134986 0.694756 0.170258 
0.288116 0.287419 0.424465 
0.526286 0.139999 0.333714 
0.318276 0.533925 0.147799 
0.361676 0.336787 0.301537 
0.380378 0.135458 0.484164 
0.506283 0.161984 0.331733 
0.431283 0.275128 0.293589 
0.135354 0.693784 0.170862 
0.288757 0.288316 0.422927 
0.526663 0.140157 0.33318 
0.319297 0.533318 0.147385 
0.361367 0.336167 0.302466 
0.381223 0.135465 0.483312 
0.506679 0.162106 0.331215 
0.431432 0.275184 0.293384 
0.135106 0.694297 0.170597 
0.288357 0.288437 0.423207 
0.525185 0.140386 0.334429 
0.319525 0.532947 0.147528 
0.360668 0.335918 0.303414 
0.379495 0.13558 0.484926 
0.506212 0.162072 0.331716 
0.431479 0.275918 0.292603 
0.134101 0.696466 0.169433 
0.287239 0.289137 0.423624 
0.525691 0.140693 0.333616 
0.319822 0.533112 0.147066 
0.360056 0.336095 0.303849 
0.379858 0.135302 0.48484 
0.506446 0.162089 0.331465 
0.430944 0.276676 0.29238 
0.134658 0.694954 0.170388 
0.288772 0.288857 0.422372 
0.52341 0.140961 0.335629 
0.321993 0.530644 0.147363 
0.361939 0.334904 0.303157 
0.381221 0.135465 0.483314 
0.50537 0.162196 0.332434 
0.431212 0.276296 0.292492 
0.134197 0.695727 0.170075 
0.28839 0.289518 0.422092 
0.522805 0.141371 0.335825 
0.322964 0.52956 0.147476 
0.362623 0.333739 0.303637 
0.382547 0.135756 0.481697 
0.508691 0.162065 0.329244 
0.429936 0.276775 0.293289 
0.133691 0.696868 0.169441 
0.286198 0.290183 0.423618 
0.521821 0.141619 0.336559 
0.321553 0.531518 0.146929 
0.361189 0.335313 0.303499 
0.384183 0.135961 0.479857 
0.509853 0.162146 0.328 
0.43044 0.275524 0.294036 
0.133414 0.697622 0.168964 
0.286388 0.29196 0.421652 
0.520897 0.141798 0.337305 
0.321104 0.532325 0.146572 
0.360826 0.335353 0.303821 
0.384681 0.13618 0.479139 
0.511013 0.162226 0.326761 
0.427672 0.27759 0.294738 
0.132965 0.698791 0.168244 
0.286813 0.292933 0.420254 
0.521643 0.141831 0.336526 
0.317719 0.536115 0.146167 
0.3606 0.335159 0.304241 
0.384269 0.136592 0.47914 
0.510622 0.162106 0.327271 
0.425661 0.277773 0.296566 
0.132776 0.69933 0.167894 
0.287433 0.293845 0.418722 
0.523004 0.141744 0.335253 
0.317443 0.536084 0.146473 
0.360916 0.33578 0.303304 
0.381459 0.136532 0.482009 
0.509479 0.162306 0.328215 
0.424244 0.278183 0.297574 
0.132797 0.69961 0.167594 
0.286441 0.294157 0.419402 
0.522944 0.141814 0.335242 
0.316751 0.537127 0.146123 
0.359942 0.335997 0.304061 
0.382244 0.136735 0.481021 
0.510319 0.162179 0.327503 
0.424061 0.277623 0.298316 
0.133072 0.698864 0.168065 
0.287357 0.2935 0.419143 
0.524422 0.141584 0.333994 
0.315837 0.538606 0.145557 
0.358674 0.337011 0.304315 
0.380823 0.136769 0.482408 
0.510839 0.161843 0.327318 
0.423781 0.277754 0.298465 
0.132689 0.69954 0.167772 
0.287159 0.293562 0.419279 
0.521526 0.141973 0.336501 
0.31349 0.541697 0.144813 
0.359107 0.335975 0.304918 
0.380169 0.137071 0.48276 
0.511606 0.161802 0.326592 
0.422366 0.278157 0.299478 
0.132549 0.699712 0.167739 
0.288252 0.291747 0.420001 
0.52251 0.141723 0.335767 
0.313999 0.541496 0.144505 
0.358788 0.337107 0.304105 
0.379771 0.136518 0.483711 
0.510159 0.162075 0.327766 
0.422254 0.278599 0.299147 
0.132119 0.70075 0.167131 
0.288004 0.292557 0.419439 
0.521775 0.141984 0.336242 
0.314482 0.541025 0.144492 
0.36003 0.336424 0.303546 
0.37958 0.136211 0.48421 
0.51207 0.161834 0.326096 
0.421861 0.279173 0.298966 
0.131846 0.701492 0.166662 
0.287158 0.293557 0.419285 
0.52097 0.142022 0.337008 
0.315668 0.53958 0.144752 
0.358201 0.336951 0.304848 
0.382783 0.135867 0.481351 
0.512143 0.161746 0.326111 
0.421286 0.279182 0.299531 
0.132478 0.699802 0.16772 
0.286773 0.294232 0.418995 
0.52097 0.142022 0.337008 
0.315175 0.539986 0.144839 
0.358673 0.337012 0.304315 
0.380801 0.135874 0.483324 
0.511535 0.161891 0.326574 
0.419858 0.279328 0.300814 
0.132617 0.69963 0.167752 
0.287441 0.294391 0.418169 
0.521467 0.142044 0.336489 
0.313002 0.542172 0.144826 
0.357953 0.337088 0.30496 
0.380303 0.135653 0.484044 
0.51207 0.161834 0.326096 
0.419561 0.279205 0.301234 
0.132527 0.699437 0.168036 
0.286072 0.295934 0.417994 
0.521835 0.141913 0.336252 
0.311109 0.544383 0.144508 
0.358041 0.33752 0.30444 
0.37871 0.135314 0.485976 
0.510422 0.16265 0.326928 
0.420006 0.27939 0.300603 
0.132838 0.698848 0.168313 
0.286673 0.2963 0.417028 
0.519172 0.142014 0.338814 
0.31014 0.545182 0.144678 
0.358102 0.338285 0.303612 
0.377794 0.135563 0.486643 
0.51019 0.162634 0.327175 
0.42112 0.27887 0.30001 
0.133119 0.698503 0.168378 
0.286934 0.29603 0.417036 
0.520038 0.141907 0.338055 
